5.597681736004507247e-01 4.938222197826055981e-02 4.685754825638133170e-02 4.578590666840880175e-02 4.594018374379689462e-02
1.119536347200901449e+00 1.627823466060523416e-01 1.581434373613536670e-01 1.570194085556366748e-01 1.628358281046665690e-01
1.679304520801352174e+00 3.102066575025431150e-01 3.046977006006966193e-01 3.015347052817720086e-01 3.139476968375261023e-01
2.239072694401802899e+00 4.962225776005417255e-01 4.971620573164469148e-01 4.813109863608003303e-01 4.853733812388358881e-01
2.798840868002253846e+00 7.189319599674343308e+00 1.050880615694366149e+01 1.418225972681399227e+01 2.645873984046530580e+01
3.358609041602704348e+00 8.886944333393771434e-01 8.400485889791160510e-01 8.402288355550948662e-01 8.275448543468557627e-01
3.918377215203155295e+00 9.544317733559953831e-01 9.363075476622274573e-01 9.470923388320231506e-01 9.487222241752927276e-01
4.478145388803605798e+00 9.820207317744480413e-01 9.752247445904581591e-01 9.761636222842257071e-01 9.790922679681208773e-01
5.037913562404056300e+00 9.819589500916799940e-01 9.891764143685201072e-01 9.796151067298370929e-01 9.799768027025674844e-01
5.597681736004507691e+00 1.183338510189284820e+00 1.268013895705642158e+00 1.419573343113859965e+00 1.711609871394902394e+00
6.157449909604959082e+00 9.858728245513666000e-01 9.765386743717545670e-01 9.765702036331878055e-01 9.806606467856675557e-01
6.717218083205408696e+00 9.863584817766216650e-01 9.827732289395594290e-01 9.868886501632269104e-01 9.860397704809452657e-01
7.276986256805859199e+00 9.856609305595447346e-01 9.876252152026537834e-01 9.831183262108689203e-01 9.805054394123136063e-01
7.836754430406310590e+00 9.791980555437679312e-01 9.988026963594588414e-01 9.825188944822590420e-01 9.952048204402683673e-01
8.396522604006760204e+00 1.001111945666977698e+00 9.953774700316879720e-01 9.941743903478561517e-01 9.973855224274643660e-01
8.956290777607211595e+00 1.005824612381682748e+00 9.970037850648602040e-01 1.007443414019344896e+00 1.009521721306264386e+00
9.516058951207662986e+00 1.005552029448398166e+00 1.010773685119423337e+00 1.015856323859180899e+00 1.013545289337335120e+00
1.007582712480811260e+01 1.009558969232239312e+00 1.010797593783430370e+00 1.011999750754513760e+00 1.003395103632269025e+00
1.063559529840856399e+01 1.015445320379542382e+00 1.019915235248402885e+00 1.013575510693123904e+00 1.012614765520663429e+00
1.119536347200901538e+01 1.003221376124060704e+00 1.009993428866319487e+00 1.014377782256466576e+00 1.004833716631464036e+00
1.175513164560946500e+01 1.001532527530228922e+00 1.005716117094780593e+00 1.006827565987609363e+00 1.002295513810096184e+00
1.231489981920991816e+01 9.844539172377589908e-01 9.928975813963810682e-01 9.986144201526007125e-01 1.001734606554390616e+00
1.287466799281036423e+01 9.871244229743928456e-01 9.881403792067462444e-01 9.802371077317678649e-01 9.886974337361276177e-01
1.343443616641081739e+01 9.918651014045219982e-01 9.949758974031959191e-01 9.946849353267918081e-01 9.914168730497211479e-01
1.399420434001126878e+01 9.900302848288925484e-01 9.931623452353072201e-01 9.897252347618615831e-01 9.949647112264342619e-01
1.455397251361171840e+01 1.006312602559248370e+00 9.982419775883658586e-01 9.997004080504129364e-01 9.984288670644234642e-01
1.511374068721216979e+01 9.966738325735479131e-01 1.005285074287103120e+00 1.003034464185879715e+00 1.007058618540026984e+00
1.567350886081262118e+01 1.004379471620493014e+00 9.991988707062352537e-01 1.008765504119482292e+00 1.007482701437140360e+00
1.623327703441307079e+01 1.004269645279076473e+00 1.005708606253496118e+00 1.006403372971381494e+00 1.006073558354223074e+00
1.679304520801352041e+01 9.993830180517728756e-01 1.012740015550597672e+00 1.003477519625594283e+00 1.009697836919987157e+00
1.735281338161397358e+01 1.004451863547168644e+00 1.002400837710167858e+00 1.003920511043262742e+00 1.008134703773296392e+00
1.791258155521442319e+01 9.985869307224022329e-01 1.005111527508188995e+00 1.003756233413393373e+00 9.990066920393005923e-01
1.847234972881487280e+01 9.879833305876695171e-01 9.971064323022277298e-01 9.935455460114911430e-01 1.007373598006474857e+00
1.903211790241532597e+01 9.961580173299421359e-01 9.912990736529533331e-01 9.917096736478393515e-01 9.918870964719468386e-01
1.959188607601577559e+01 9.978055897849039679e-01 9.986275295811242181e-01 9.996724813987452052e-01 9.888255262941063606e-01
2.015165424961622520e+01 9.903060513778766394e-01 9.972488277666549106e-01 9.981879071721996288e-01 9.947078223742353842e-01
2.071142242321667837e+01 1.001398858975102835e+00 9.974877923495687471e-01 1.011679491101894701e+00 1.002417996516324239e+00
2.127119059681712798e+01 1.000164223447135514e+00 1.005530175708358342e+00 9.959885249755926484e-01 1.010345018547841534e+00
2.183095877041757760e+01 9.998365852580309854e-01 9.984799780036547334e-01 1.000065634829412131e+00 1.012876186351133301e+00
2.239072694401803076e+01 1.007416223673884392e+00 1.001789111613121008e+00 1.002232508539983247e+00 1.000589728755617358e+00
