-6.999999999999999556e-01 -1.150826068302500005e+00 1.507372661030000061e-01
-5.999999999999999778e-01 -1.101216026344999932e+00 8.237918373634998959e-02
-5.000000000000000000e-01 -1.023382278864999995e+00 4.091238908862499662e-02
-4.000000000000000222e-01 -9.101809649650001166e-01 1.788077065824999687e-02
-2.999999999999999889e-01 -7.600862947324998897e-01 7.003869820157500314e-03
-2.000000000000000111e-01 -5.753483038687151607e-01 2.516532520925250128e-03
-1.000000000000000056e-01 -3.362266791999999893e-01 6.818247060324998622e-04
0.000000000000000000e+00 -1.017889736476347978e-01 1.551989350434749670e-04
1.000000000000000056e-01 -4.249786139700000021e-03 1.417018763029999927e-05
2.000000000000000111e-01 -2.837447205175000139e-03 2.557196015279999593e-05
2.999999999999999889e-01 -2.122997239550000227e-03 5.306427180429999969e-05
4.000000000000000222e-01 -1.686875500724999664e-03 6.720541715657499422e-05
5.000000000000000000e-01 -1.319787702949999208e-03 1.057501837142499985e-04
5.999999999999999778e-01 -1.047267746199999523e-03 1.352252111030000103e-04
6.999999999999999556e-01 -9.080851432250001010e-04 1.771028703457500054e-04
8.000000000000000444e-01 -8.318873166249999944e-04 2.121647138039999946e-04
9.000000000000000222e-01 -7.297895623249999342e-04 2.491756201037499500e-04
1.000000000000000000e+00 -6.293037853500010707e-04 5.254912960424998683e-04
