-6.999999999999999556e-01 -1.235222633380000268e+00 1.810510802890000215e-01
-5.999999999999999778e-01 -1.202063257175999933e+00 1.015237274159999925e-01
-5.000000000000000000e-01 -1.129431685851999712e+00 5.166292217003999598e-02
-4.000000000000000222e-01 -1.014022065635999947e+00 2.373584631855999924e-02
-2.999999999999999889e-01 -8.586821520999999846e-01 8.826207859665998953e-03
-2.000000000000000111e-01 -6.556446430848154039e-01 2.780342333822245771e-03
-1.000000000000000056e-01 -3.817284753680000309e-01 5.648920376259998618e-04
0.000000000000000000e+00 -1.146945825116168494e-01 3.997101292905103927e-05
1.000000000000000056e-01 -3.403557429191939564e-03 7.865963781887784932e-06
2.000000000000000111e-01 -2.246162972767737787e-03 1.386955174666478727e-05
2.999999999999999889e-01 -1.687154543688060239e-03 1.113326243124778549e-05
4.000000000000000222e-01 -1.317630248999999846e-03 2.690640945035999639e-05
5.000000000000000000e-01 -1.041956574780000637e-03 2.864442834255999829e-05
5.999999999999999778e-01 -8.672502689800005646e-04 5.336076442569999645e-05
6.999999999999999556e-01 -7.679616452999993639e-04 7.245755369379999831e-05
8.000000000000000444e-01 -6.556341265999995720e-04 9.078479798999999656e-05
9.000000000000000222e-01 -5.410460334000005353e-04 1.050544817769999954e-04
1.000000000000000000e+00 -5.022183211600005255e-04 2.204354150223999909e-04
