-6.999999999999999556e-01 -1.232695295212499653e+00 1.142738832181249969e-01
-5.999999999999999778e-01 -1.214746908162499972e+00 7.546778967124999349e-02
-5.000000000000000000e-01 -1.163831094049999626e+00 4.657001828204999916e-02
-4.000000000000000222e-01 -1.081752085901249938e+00 2.592381618497499943e-02
-2.999999999999999889e-01 -9.615573505225002426e-01 1.280830362704999878e-02
-2.000000000000000111e-01 -7.800757033545309138e-01 5.911717891922981145e-03
-1.000000000000000056e-01 -4.827355401649999767e-01 1.565913322125000008e-03
0.000000000000000000e+00 -1.493108537941315594e-01 1.042161742474852215e-03
1.000000000000000056e-01 -2.161468719012499869e-03 6.582832992799999040e-06
2.000000000000000111e-01 -1.411654592687500024e-03 1.488632238024624811e-05
2.999999999999999889e-01 -1.033313757549999840e-03 2.528868604505000195e-05
4.000000000000000222e-01 -7.997840771999998634e-04 3.616709561637499408e-05
5.000000000000000000e-01 -6.403464955499998772e-04 4.396838895950000117e-05
5.999999999999999778e-01 -5.280138788624997312e-04 4.844965404712499530e-05
6.999999999999999556e-01 -4.414529334499997515e-04 5.201627324062499581e-05
8.000000000000000444e-01 -3.743798805625001827e-04 5.291604581299999961e-05
9.000000000000000222e-01 -3.417229695375001213e-04 5.260543434850000610e-05
1.000000000000000000e+00 -3.318759417499995198e-04 1.056075290879999952e-04
