-6.999999999999999556e-01 -1.314597395171428484e+00 3.559817186170000092e-01
-5.999999999999999778e-01 -1.272188154214285438e+00 1.998753127285714248e-01
-5.000000000000000000e-01 -1.198822352919999501e+00 1.021949318397142870e-01
-4.000000000000000222e-01 -1.095788539885714341e+00 4.624623037331428155e-02
-2.999999999999999889e-01 -9.527813584828572768e-01 1.796092317453285708e-02
-2.000000000000000111e-01 -7.517201228510753674e-01 5.679120411018753929e-03
-1.000000000000000056e-01 -4.564869696685713851e-01 1.335095556104285786e-03
0.000000000000000000e+00 -1.408468455897674554e-01 9.319031711242528821e-05
1.000000000000000056e-01 -2.448156926399999624e-03 5.569426287128570020e-06
2.000000000000000111e-01 -1.632587649757142418e-03 1.441881985235714248e-05
2.999999999999999889e-01 -1.216022848357143195e-03 1.621850815224285509e-05
4.000000000000000222e-01 -9.542037692285716124e-04 2.310936622307142876e-05
5.000000000000000000e-01 -7.772286515428568094e-04 2.628783608397142549e-05
5.999999999999999778e-01 -6.503578423142856568e-04 3.316655232038571006e-05
6.999999999999999556e-01 -5.528863782857138887e-04 3.810261256457142314e-05
8.000000000000000444e-01 -4.746301394857144022e-04 4.346834241499999789e-05
9.000000000000000222e-01 -3.883448989000005437e-04 4.441648278985714738e-05
1.000000000000000000e+00 -3.372104094285718889e-04 8.863798920628573040e-05
