-6.999999999999999556e-01 -1.295415088633333101e+00 4.287221330589999768e-01
-5.999999999999999778e-01 -1.250039081750000003e+00 2.403903641189999996e-01
-5.000000000000000000e-01 -1.178543190171666977e+00 1.194368779479832998e-01
-4.000000000000000222e-01 -1.072220347885000091e+00 5.104685341923333175e-02
-2.999999999999999889e-01 -9.231554531933331420e-01 1.611924937869166699e-02
-2.000000000000000111e-01 -7.189808565565070086e-01 3.889300551948850389e-03
-1.000000000000000056e-01 -4.255867386183332934e-01 2.238056547083332995e-04
0.000000000000000000e+00 -1.273237028372097013e-01 3.530471539757503455e-05
1.000000000000000056e-01 -2.848557183166666989e-03 1.840191621216666378e-05
2.000000000000000111e-01 -1.995770077883333472e-03 4.382751299305798459e-05
2.999999999999999889e-01 -1.417925678066665968e-03 5.257909199733332774e-05
4.000000000000000222e-01 -1.101260448249999791e-03 6.476033010916666948e-05
5.000000000000000000e-01 -8.899230919666661997e-04 6.686970168199999264e-05
5.999999999999999778e-01 -7.553266403833333413e-04 6.254910867383331962e-05
6.999999999999999556e-01 -6.104669521999998849e-04 6.115254967583333315e-05
8.000000000000000444e-01 -5.043614920666671889e-04 5.604686133033333589e-05
9.000000000000000222e-01 -4.766553035500005475e-04 6.387799803249998520e-05
1.000000000000000000e+00 -4.645724766333316630e-04 1.306650554163333027e-04
