1.000000000000000056e-01 -1.070827579929999919e-02 9.639220214969999924e-06
2.000000000000000111e-01 -1.729174975209999895e-02 5.266266394239999909e-05
2.999999999999999889e-01 -2.200151254079999938e-02 1.094513588269999934e-04
4.000000000000000222e-01 -2.555825981250000115e-02 1.496468244180000097e-04
5.000000000000000000e-01 -2.839978515839999829e-02 1.798854061039999999e-04
5.999999999999999778e-01 -3.068103177690000016e-02 2.021002872579999996e-04
6.999999999999999556e-01 -3.262389618929999874e-02 2.077118262729999896e-04
8.000000000000000444e-01 -3.421265524449999818e-02 2.140298986669999940e-04
9.000000000000000222e-01 -3.561893523379999760e-02 2.156165402310000073e-04
1.000000000000000000e+00 -3.694643900079999654e-02 2.068135761210000007e-04
