0.000000000000000000e+00 0.000000000000000000e+00 0.000000000000000000e+00
1.000000000000000056e-01 -1.051944724216131132e-02 8.913792334023943540e-06
2.000000000000000111e-01 -1.701778714595969869e-02 3.932981890943892635e-05
2.999999999999999889e-01 -2.175026210599999982e-02 6.043396639930000299e-05
4.000000000000000222e-01 -2.545355986440000010e-02 1.633649324679999938e-05
5.000000000000000000e-01 -2.833841335099999970e-02 7.409808085249999592e-05
5.999999999999999778e-01 -3.066334273830000068e-02 1.268856484660000022e-04
6.999999999999999556e-01 -3.267466469590000339e-02 1.927057412759999931e-04
8.000000000000000444e-01 -3.450315096480000010e-02 2.354021200030000029e-04
9.000000000000000222e-01 -3.595283532889999994e-02 2.612182486739999762e-04
1.000000000000000000e+00 -3.720838113180000017e-02 2.898702888819999876e-04
