-6.999999999999999556e-01 5.968641317920000411e-01 1.610600703535999823e-02
-5.999999999999999778e-01 4.739684626639999454e-01 8.680321269599999834e-03
-5.000000000000000000e-01 3.564514803568000212e-01 4.198738447839999929e-03
-4.000000000000000222e-01 2.480821254936000086e-01 1.652263164407999970e-03
-2.999999999999999889e-01 1.536470672296000040e-01 5.484308158719999838e-04
-2.000000000000000111e-01 7.634569507360000618e-02 1.129784075251999886e-04
-1.499999999999999944e-01 4.582859907147203427e-02 3.563728799965693028e-05
-1.000000000000000056e-01 2.251813861263691693e-02 7.637650892449250926e-06
-5.000000000000000278e-02 6.851829428148179489e-03 1.527200449252856915e-06
0.000000000000000000e+00 0.000000000000000000e+00 0.000000000000000000e+00
1.000000000000000056e-01 -4.207778896864524396e-04 3.565516933609577437e-07
2.000000000000000111e-01 -6.807114858383879344e-04 1.573192756377557113e-06
2.999999999999999889e-01 -8.700104842400000404e-04 2.417358655971999933e-06
4.000000000000000222e-01 -1.018142394576000004e-03 6.534597298719999838e-07
5.000000000000000000e-01 -1.133536534040000031e-03 2.963923234099999769e-06
5.999999999999999778e-01 -1.226533709532000131e-03 5.075425938639999886e-06
6.999999999999999556e-01 -1.306986587836000144e-03 7.708229651040000537e-06
8.000000000000000444e-01 -1.380126038592000004e-03 9.416084800119999438e-06
9.000000000000000222e-01 -1.438113413156000059e-03 1.044872994695999878e-05
1.000000000000000000e+00 -1.488335245272000111e-03 1.159481155528000032e-05
