1.000000000000000000e+00 -3.732178315100000143e-02 5.557153971929999813e-04
9.000000000000000222e-01 -3.606317558029999842e-02 4.952671948919999722e-04
8.000000000000000444e-01 -3.440262490169999909e-02 4.409870832219999815e-04
6.999999999999999556e-01 -3.273562631379999671e-02 3.533916603240000063e-04
5.999999999999999778e-01 -3.077028432879999956e-02 2.674243981609999857e-04
5.000000000000000000e-01 -2.854655532899999862e-02 1.875091840880000079e-04
4.000000000000000222e-01 -2.549113351700000099e-02 1.555763366960000085e-04
2.999999999999999889e-01 -2.179905332609999996e-02 8.131248453829999613e-05
2.000000000000000111e-01 -1.699914455880000008e-02 5.668075052119999707e-05
1.000000000000000056e-01 -1.044926450539999940e-02 2.097535607290000115e-05
0.000000000000000000e+00 0.000000000000000000e+00 0.000000000000000000e+00
