0.000000000000000000e+00 0.000000000000000000e+00 0.000000000000000000e+00
1.000000000000000056e-01 -1.051578568589999971e-02 2.361823585570000118e-05
2.000000000000000111e-01 -1.713709848479999867e-02 3.898598400989999776e-05
2.999999999999999889e-01 -2.194389923419999902e-02 7.731350311080000632e-05
4.000000000000000222e-01 -2.564925842330000039e-02 7.454357305580000482e-05
5.000000000000000000e-01 -2.862332561879999890e-02 8.445206045069999839e-05
5.999999999999999778e-01 -3.108985898410000087e-02 1.094712795320000007e-04
6.999999999999999556e-01 -3.317583051499999741e-02 1.477138057919999924e-04
8.000000000000000444e-01 -3.496006363209999690e-02 1.572470084200000020e-04
9.000000000000000222e-01 -3.649824149139999779e-02 1.565645911130000064e-04
1.000000000000000000e+00 -3.767847792440000287e-02 1.536683711090000093e-04
