-6.999999999999999556e-01 6.333818931433333743e-01 3.864259810399999634e-02
-5.999999999999999778e-01 5.054570763966667046e-01 2.070828684479999668e-02
-5.000000000000000000e-01 3.833740767933333515e-01 9.435474719800000104e-03
-4.000000000000000222e-01 2.697484383623333093e-01 3.179088744796666668e-03
-2.999999999999999889e-01 1.689300072163333333e-01 7.738959640466667447e-04
-2.499999992549420125e-01 1.250020280535369954e-01 6.327103463667311189e-05
-2.000000000000000111e-01 8.511734772366666424e-02 4.476113094166666261e-05
-1.499999999999999944e-01 5.120840137026479166e-02 2.302739730130304066e-05
-1.000000000000000056e-01 2.513383590503194542e-02 3.964146343103410818e-06
-5.000000000000000278e-02 7.512283975403638743e-03 2.464034106630710779e-06
0.000000000000000000e+00 0.000000000000000000e+00 0.000000000000000000e+00
1.000000000000000056e-01 -3.309046624099999819e-04 3.096796736411596770e-06
2.000000000000000111e-01 -5.697114366333334195e-04 3.680383242433333095e-06
2.999999999999999889e-01 -7.300586779866667089e-04 5.668705862200000487e-06
4.000000000000000222e-01 -8.532965722466666347e-04 6.835435157033333469e-06
5.000000000000000000e-01 -9.503107676366666888e-04 7.283360159633333747e-06
5.999999999999999778e-01 -1.031281190639999875e-03 6.538505179366666584e-06
6.999999999999999556e-01 -1.101376095713333357e-03 5.226461575133333056e-06
8.000000000000000444e-01 -1.153374581079999852e-03 5.692004755800000045e-06
9.000000000000000222e-01 -1.202248394126666795e-03 5.982910690933333275e-06
1.000000000000000000e+00 -1.248705641789999961e-03 7.083594850699999874e-06
