-6.999999999999999556e-01 6.518082814885713949e-01 3.184367729657142793e-02
-5.999999999999999778e-01 5.216181362142856548e-01 1.711382084425714517e-02
-5.000000000000000000e-01 3.973706506457143073e-01 8.131385249142857041e-03
-4.000000000000000222e-01 2.818536656302857435e-01 3.325165523685714303e-03
-2.999999999999999889e-01 1.782129426685714335e-01 1.117860825520000049e-03
-2.000000000000000111e-01 9.129739393371427703e-02 2.670191112208571897e-04
-1.499999999999999944e-01 5.655787594303279819e-02 1.121099921425012592e-04
-1.000000000000000056e-01 2.786891809835635031e-02 1.796325668375077286e-05
-5.000000000000000278e-02 8.180642819027231574e-03 6.535694138057212493e-06
0.000000000000000000e+00 0.000000000000000000e+00 0.000000000000000000e+00
1.000000000000000056e-01 -3.004510195971428379e-04 6.748067387342857329e-07
2.000000000000000111e-01 -4.896313852799999899e-04 1.113885257425714131e-06
2.999999999999999889e-01 -6.269685495485713541e-04 2.208957231737143038e-06
4.000000000000000222e-01 -7.328359549514286289e-04 2.129816373022857099e-06
5.000000000000000000e-01 -8.178093033942856766e-04 2.412916012877142714e-06
5.999999999999999778e-01 -8.882816852599999908e-04 3.127750843771428507e-06
6.999999999999999556e-01 -9.478808718571428080e-04 4.220394451199999468e-06
8.000000000000000444e-01 -9.988589609171427686e-04 4.492771669142857223e-06
9.000000000000000222e-01 -1.042806899754285688e-03 4.473274031800000110e-06
1.000000000000000000e+00 -1.076527940697142877e-03 4.390524888828572082e-06
