-6.999999999999999556e-01 6.449094033475000209e-01 1.088294690764999954e-02
-5.999999999999999778e-01 5.216247969474999691e-01 7.065525595424999687e-03
-5.000000000000000000e-01 4.019600217150000043e-01 4.210611026600000369e-03
-4.000000000000000222e-01 2.888585781375000439e-01 2.248478060984999971e-03
-2.999999999999999889e-01 1.856096045347500056e-01 9.741522103950000806e-04
-2.000000000000000111e-01 9.654710803299999811e-02 3.131826644250000017e-04
-1.499999999999999944e-01 5.942246257361090411e-02 8.218745824823698448e-04
-1.000000000000000056e-01 2.959446386384381039e-02 2.081913679895961919e-04
-5.099999999999999672e-02 9.107132944818838172e-03 1.203197329734725506e-04
0.000000000000000000e+00 0.000000000000000000e+00 0.000000000000000000e+00
1.000000000000000056e-01 -2.677068949824999906e-04 2.409805053742499769e-07
2.000000000000000111e-01 -4.322937438024999956e-04 1.316566598559999935e-06
2.999999999999999889e-01 -5.500378135200000278e-04 2.736283970674999751e-06
4.000000000000000222e-01 -6.389564953124999853e-04 3.741170610450000413e-06
5.000000000000000000e-01 -7.099946289600000005e-04 4.497135152600000166e-06
5.999999999999999778e-01 -7.670257944224999607e-04 5.052507181449999821e-06
6.999999999999999556e-01 -8.155974047324999468e-04 5.192795656824999909e-06
8.000000000000000444e-01 -8.553163811124999110e-04 5.350747466675000019e-06
9.000000000000000222e-01 -8.904733808449999833e-04 5.390413505774999844e-06
1.000000000000000000e+00 -9.236609750199999353e-04 5.170339403025000355e-06
