0.000000000000000000e+00 0.000000000000000000e+00 0.000000000000000000e+00
1.000000000000000056e-01 -9.927139872299999349e-03 9.290390209234789800e-05
2.000000000000000111e-01 -1.709134309900000107e-02 1.104114972729999962e-04
2.999999999999999889e-01 -2.190176033960000018e-02 1.700611758660000095e-04
4.000000000000000222e-01 -2.559889716739999904e-02 2.050630547110000109e-04
5.000000000000000000e-01 -2.850932302909999980e-02 2.185008047890000073e-04
5.999999999999999778e-01 -3.093843571919999841e-02 1.961551553809999992e-04
6.999999999999999556e-01 -3.304128287139999898e-02 1.567938472539999917e-04
8.000000000000000444e-01 -3.460123743239999772e-02 1.707601426739999997e-04
9.000000000000000222e-01 -3.606745182380000081e-02 1.794873207279999966e-04
1.000000000000000000e+00 -3.746116925370000100e-02 2.125078455209999928e-04
