1.000000000000000000e+00 -1.866089157549999985e-03 2.778576985965000042e-05
9.000000000000000222e-01 -1.803158779014999878e-03 2.476335974459999793e-05
8.000000000000000444e-01 -1.720131245084999998e-03 2.204935416109999840e-05
6.999999999999999556e-01 -1.636781315689999879e-03 1.766958301620000099e-05
5.999999999999999778e-01 -1.538514216439999978e-03 1.337121990804999929e-05
5.000000000000000000e-01 -1.427327766449999974e-03 9.375459204400000393e-06
4.000000000000000222e-01 -1.274556675850000136e-03 7.778816834800000423e-06
2.999999999999999889e-01 -1.089952666305000041e-03 4.065624226914999807e-06
2.000000000000000111e-01 -8.499572279400000258e-04 2.834037526059999854e-06
1.000000000000000056e-01 -5.224632252699999485e-04 1.048767803645000142e-06
0.000000000000000000e+00 0.000000000000000000e+00 0.000000000000000000e+00
-5.000000000000000278e-02 6.194934463976574206e-03 8.368949653250000979e-06
-1.000000000000000056e-01 1.983533150425696029e-02 2.999101920504999673e-05
-1.499999999999999944e-01 4.085056662335000144e-02 6.162414806549999704e-05
-2.000000000000000111e-01 6.724533584000000341e-02 1.363649412064999833e-04
-2.500000000000000000e-01 9.868747983000000779e-02 2.684223359089999827e-04
-2.999999999999999889e-01 1.349049922779999855e-01 4.733154849800000384e-04
-3.499999999999999778e-01 1.751220226275000125e-01 7.904400946800000608e-04
-4.000000000000000222e-01 2.192625947864999814e-01 1.264409022825000112e-03
-4.500000000000000111e-01 2.664276944864999996e-01 1.968649185214999854e-03
-5.000000000000000000e-01 3.169411852710000144e-01 3.102838646669999791e-03
-5.500000000000000444e-01 3.694919143589999733e-01 4.651136910419999965e-03
-5.999999999999999778e-01 4.239390505594999858e-01 6.918068794899999430e-03
-6.500000000000000222e-01 4.800410333210000102e-01 9.691467622200000340e-03
-6.999999999999999556e-01 5.371843905400000008e-01 1.337299810060000108e-02
