6.734772289856237881e-01 6.704904122823786849e+01
6.780587067338254004e-01 6.121318307096790790e+01
6.826401844820267906e-01 5.587777533302706701e+01
6.872216622302284028e-01 5.099742132628234970e+01
6.918031399784299040e-01 4.653108525322102196e+01
6.963846177266315163e-01 4.244164937605115284e+01
7.009660954748329065e-01 3.869551859518894332e+01
7.055475732230345187e-01 3.526226710090177363e+01
7.101290509712360199e-01 3.211432239162913760e+01
7.147105287194374101e-01 2.922668250451789262e+01
7.192920064676390224e-01 2.657666278802278725e+01
7.238734842158406346e-01 2.414366897167924364e+01
7.284549619640421358e-01 2.190899366188100572e+01
7.330364397122435260e-01 1.985563372120071080e+01
7.376179174604451383e-01 1.796812627813591945e+01
7.421993952086467505e-01 1.623240136906473197e+01
7.467808729568480297e-01 1.463564943893390158e+01
7.513623507050496420e-01 1.316620212550142455e+01
7.559438284532512542e-01 1.181342492706301606e+01
7.605253062014527554e-01 1.056762050833282984e+01
7.651067839496541456e-01 9.419941536004742488e+00
7.696882616978557579e-01 8.362312056639689573e+00
7.742697394460573701e-01 7.387356536800491646e+00
7.788512171942588713e-01 6.488335780438655220e+00
7.834326949424602615e-01 5.659089022874071340e+00
7.880141726906618738e-01 4.893981575566064279e+00
7.925956504388634860e-01 4.187857462364613426e+00
7.971771281870648762e-01 3.535996547030582082e+00
8.017586059352663774e-01 2.934075704380540550e+00
8.063400836834679897e-01 2.378133634199539159e+00
8.109215614316696019e-01 1.864538958735228569e+00
8.155030391798708811e-01 1.389961281727198905e+00
8.200845169280724933e-01 9.513449200459063171e-01
8.246659946762741056e-01 5.458850485740254221e-01
8.292474724244756068e-01 1.710060253561054289e-01
8.338289501726769970e-01 -1.756583123727795126e-01
8.384104279208786092e-01 -4.962825695829740091e-01
8.429919056690802215e-01 -7.928661017098135311e-01
8.475733834172817227e-01 -1.067247862328598362e+00
8.521548611654831129e-01 -1.321119927670282301e+00
8.567363389136846141e-01 -1.556039821846052051e+00
8.613178166618862264e-01 -1.773441754491182687e+00
8.658992944100878386e-01 -1.974646871628988443e+00
8.704807721582892288e-01 -2.160872610761042534e+00
8.750622499064908411e-01 -2.333241242390709402e+00
8.796437276546923423e-01 -2.492787672278007793e+00
8.842252054028939545e-01 -2.640466571611113977e+00
8.888066831510952337e-01 -2.777158895878966582e+00
8.933881608992968459e-01 -2.903677847467202700e+00
8.979696386474984582e-01 -3.020774331808176338e+00
8.979696386474984582e-01 -3.020774331808176338e+00
1.119077740626028161e+00 -3.012144381916158409e+00
1.340185842604557864e+00 -2.995596565081940721e+00
1.561293944583087789e+00 -2.979016335502904678e+00
1.782402046561617492e+00 -2.962403621355678141e+00
2.003510148540147195e+00 -2.945758357403730265e+00
2.224618250518676899e+00 -2.929080485148015889e+00
2.445726352497206602e+00 -2.912369952979678267e+00
2.666834454475736305e+00 -2.895626716334824380e+00
2.887942556454266452e+00 -2.878850737851399444e+00
3.109050658432796155e+00 -2.862041987528178844e+00
3.330158760411325414e+00 -2.845200442885899683e+00
3.551266862389855117e+00 -2.828326089130558163e+00
3.772374964368384820e+00 -2.811418919318888765e+00
3.993483066346915411e+00 -2.794478934526053227e+00
4.214591168325444670e+00 -2.777506144015557954e+00
4.435699270303974373e+00 -2.760500565411426521e+00
4.656807372282504076e+00 -2.743462224872646349e+00
4.877915474261033779e+00 -2.726391157269916210e+00
5.099023576239564370e+00 -2.709287406364714990e+00
5.320131678218093185e+00 -2.692151024990720121e+00
5.541239780196623776e+00 -2.674982075237593016e+00
5.762347882175152591e+00 -2.657780628637160802e+00
5.983455984153682294e+00 -2.640546766352016572e+00
6.204564086132211109e+00 -2.623280579366563448e+00
6.425672188110742589e+00 -2.605982168680524680e+00
6.646780290089271404e+00 -2.588651645504949972e+00
6.867888392067801995e+00 -2.571289131460736233e+00
7.088996494046331698e+00 -2.553894758779694296e+00
7.310104596024861401e+00 -2.536468670508184253e+00
7.531212698003391104e+00 -2.519011020713342486e+00
7.752320799981919919e+00 -2.501521974691934158e+00
7.973428901960450510e+00 -2.484001709181848039e+00
8.194537003938981101e+00 -2.466450412576268736e+00
8.415645105917509028e+00 -2.448868285140544554e+00
8.636753207896038731e+00 -2.431255539231785612e+00
8.857861309874568434e+00 -2.413612399521213536e+00
9.078969411853098137e+00 -2.395939103219294264e+00
9.300077513831629616e+00 -2.378235900303677486e+00
9.521185615810159319e+00 -2.360503053749974711e+00
9.742293717788689023e+00 -2.342740839765400374e+00
9.963401819767218726e+00 -2.324949548025305734e+00
1.018450992174574843e+01 -2.307129481912634894e+00
1.040561802372427813e+01 -2.289280958760330886e+00
1.062672612570280606e+01 -2.271404310096720280e+00
1.084783422768133576e+01 -2.253499881893903822e+00
1.106894232965986546e+01 -2.235568034819189531e+00
1.129005043163839694e+01 -2.217609144489588680e+00
1.151115853361692665e+01 -2.199623601729411071e+00
1.173226663559545635e+01 -2.181611812830987152e+00
1.195337473757398605e+01 -2.163574199818548038e+00
1.217448283955251398e+01 -2.145511200715294553e+00
1.239559094153104546e+01 -2.127423269813684570e+00
1.261669904350957516e+01 -2.109310877948972429e+00
1.283780714548810487e+01 -2.091174512776029282e+00
1.305891524746663457e+01 -2.073014679049479003e+00
1.328002334944516605e+01 -2.054831898907177212e+00
1.350113145142369397e+01 -2.036626712157071584e+00
1.372223955340222545e+01 -2.018399676567469658e+00
1.394334765538075338e+01 -2.000151368160753229e+00
1.416445575735928308e+01 -1.981882381510564839e+00
1.438556385933781101e+01 -1.963593330042509688e+00
1.460667196131634427e+01 -1.945284846338394491e+00
1.482778006329487219e+01 -1.926957582444049910e+00
1.504888816527340190e+01 -1.908612210180758106e+00
1.526999626725193338e+01 -1.890249421460330703e+00
1.549110436923046130e+01 -1.871869928603866251e+00
1.571221247120899278e+01 -1.853474464664219390e+00
1.593332057318752071e+01 -1.835063783752227229e+00
1.615442867516605219e+01 -1.816638661366714924e+00
1.637553677714458189e+01 -1.798199894728330417e+00
1.659664487912311159e+01 -1.779748303117230090e+00
1.681775298110163774e+01 -1.761284728214665529e+00
1.703886108308017100e+01 -1.742810034448497136e+00
1.725996918505869715e+01 -1.724325109342679685e+00
1.748107728703722685e+01 -1.705830863870749337e+00
1.770218538901576011e+01 -1.687328232813358531e+00
1.792329349099428981e+01 -1.668818175119889835e+00
1.814440159297281951e+01 -1.650301674274188279e+00
1.836550969495134567e+01 -1.631779738664454582e+00
1.858661779692987892e+01 -1.613253401957332134e+00
1.880772589890840862e+01 -1.594723723476233923e+00
1.902883400088693833e+01 -1.576191788583940490e+00
1.924994210286546803e+01 -1.557658709069517311e+00
1.947105020484399773e+01 -1.539125623539584931e+00
1.969215830682252388e+01 -1.520593697813986900e+00
1.991326640880105359e+01 -1.502064125325891952e+00
2.013437451077958684e+01 -1.483538127526377703e+00
2.035548261275811655e+01 -1.465016954293530960e+00
2.057659071473664625e+01 -1.446501884346108158e+00
2.079769881671517595e+01 -1.427994225661801897e+00
2.101880691869370565e+01 -1.409495315900150647e+00
2.123991502067223536e+01 -1.391006522830137593e+00
2.146102312265076506e+01 -1.372529244762520806e+00
2.168213122462929121e+01 -1.354064910986938486e+00
2.190323932660782802e+01 -1.335614982213830793e+00
2.212434742858635062e+01 -1.317180951021229784e+00
2.234545553056488387e+01 -1.298764342306448327e+00
2.256656363254341358e+01 -1.280366713742729479e+00
2.278767173452194328e+01 -1.261989656240887880e+00
2.300877983650047298e+01 -1.243634794415995781e+00
2.322988793847899913e+01 -1.225303787059158545e+00
2.345099604045753239e+01 -1.206998327614421829e+00
2.367210414243606209e+01 -1.188720144660867506e+00
2.389321224441458824e+01 -1.170471002399930072e+00
2.411432034639312150e+01 -1.152252701147993497e+00
2.433542844837165475e+01 -1.134067077834314263e+00
2.455653655035017735e+01 -1.115916006504310998e+00
2.477764465232871416e+01 -1.097801398828277319e+00
2.499875275430724386e+01 -1.079725204615567424e+00
2.521986085628577001e+01 -1.061689412334293925e+00
2.544096895826429972e+01 -1.043696049636598122e+00
2.566207706024283297e+01 -1.025747183889539560e+00
2.588318516222135912e+01 -1.007844922711653268e+00
2.610429326419988882e+01 -9.899914145152239886e-01
2.632540136617841497e+01 -9.721888490543375561e-01
2.654650946815694823e+01 -9.544394579787482957e-01
2.676761757013548149e+01 -9.367455153936284917e-01
2.698872567211400408e+01 -9.191093384252380094e-01
2.720983377409254089e+01 -9.015332877925766875e-01
2.743094187607107060e+01 -8.840197683850743449e-01
2.765204997804959675e+01 -8.665712298463605912e-01
2.787315808002812645e+01 -8.491901671641797211e-01
2.809426618200665970e+01 -8.318791212665023194e-01
2.831537428398518585e+01 -8.146406796238866432e-01
2.853648238596371556e+01 -7.974774768581426310e-01
2.875759048794224171e+01 -7.803921953573645931e-01
2.897869858992077852e+01 -7.633875658973747758e-01
2.919980669189930822e+01 -7.464663682696490721e-01
2.942091479387783082e+01 -7.296314319157681805e-01
2.964202289585636763e+01 -7.128856365684606011e-01
2.986313099783489733e+01 -6.962319128992969786e-01
3.008423909981342348e+01 -6.796732431730839741e-01
3.030534720179195318e+01 -6.632126619090265018e-01
3.052645530377048644e+01 -6.468532565487155050e-01
3.074756340574901259e+01 -6.305981681309982267e-01
3.096867150772754229e+01 -6.144505919737900390e-01
3.118977960970606844e+01 -5.984137783628982188e-01
3.141088771168460525e+01 -5.824910332479044106e-01
3.163199581366313495e+01 -5.666857189451826038e-01
3.185310391564166110e+01 -5.510012548481008077e-01
3.207421201762019081e+01 -5.354411181444781453e-01
3.229532011959872762e+01 -5.200088445413607596e-01
3.251642822157725021e+01 -5.047080289971720424e-01
3.273753632355577992e+01 -4.895423264613089631e-01
3.295864442553431672e+01 -4.745154526212481683e-01
3.317975252751283932e+01 -4.596311846572239124e-01
3.340086062949136902e+01 -4.448933620045420478e-01
3.362196873146989873e+01 -4.303058871236045690e-01
3.384307683344842843e+01 -4.158727262777012768e-01
3.406418493542695813e+01 -4.015979103186414489e-01
3.428529303740548784e+01 -3.874855354802917984e-01
3.450640113938401754e+01 -3.735397641800882740e-01
3.472750924136255435e+01 -3.597648258285908729e-01
3.494861734334107695e+01 -3.461650176471507967e-01
3.516972544531960665e+01 -3.327447054937576754e-01
3.539083354729814346e+01 -3.195083246971413549e-01
3.561194164927666606e+01 -3.064603808991950284e-01
3.583304975125519576e+01 -2.936054509057894890e-01
3.605415785323372546e+01 -2.809481835460582722e-01
3.627526595521225516e+01 -2.684933005402165285e-01
3.649637405719078487e+01 -2.562455973759926176e-01
3.671748215916931457e+01 -2.442099441937435889e-01
3.693859026114784427e+01 -2.323912866803289623e-01
3.715969836312638108e+01 -2.207946469718175264e-01
3.738080646510491079e+01 -2.094251245651018722e-01
3.760191456708343338e+01 -1.982878972384970184e-01
3.782302266906197019e+01 -1.873882219813974570e-01
3.804413077104049279e+01 -1.767314359330745543e-01
3.826523887301902249e+01 -1.663229573306824749e-01
3.848634697499755219e+01 -1.561682864665618342e-01
3.870745507697608190e+01 -1.462730066549103314e-01
3.892856317895461160e+01 -1.366427852079046823e-01
3.914967128093314130e+01 -1.272833744213518747e-01
3.937077938291167101e+01 -1.182006125699502225e-01
3.959188748489020782e+01 -1.094004249122414174e-01
3.981299558686873752e+01 -1.008888247053349452e-01
4.003410368884726012e+01 -9.267191422948725665e-02
4.025521179082579692e+01 -8.475588582261724124e-02
4.047631989280432663e+01 -7.714702292484500179e-02
4.069742799478284923e+01 -6.985170113313217410e-02
4.091853609676137893e+01 -6.287638926611335832e-02
4.113964419873990863e+01 -5.622765043920278927e-02
4.136075230071843833e+01 -4.991214315006013702e-02
4.158186040269696804e+01 -4.393662237450429026e-02
4.180296850467549774e+01 -3.830794067296116462e-02
4.202407660665403455e+01 -3.303304930753367397e-02
4.224518470863256425e+01 -2.811899936978237355e-02
4.246629281061109396e+01 -2.357294291930577684e-02
4.268740091258962366e+01 -1.940213413321024288e-02
4.290850901456815336e+01 -1.561393046655991206e-02
4.312961711654668306e+01 -1.221579382389778243e-02
4.335072521852520566e+01 -9.215291741929833996e-03
4.357183332050374247e+01 -6.620098583463917413e-03
4.379294142248227217e+01 -4.437996742699038162e-03
4.401404952446079477e+01 -2.676877861954856698e-03
4.423515762643933158e+01 -1.344744059939546096e-03
4.445626572841786128e+01 -4.497091716501054387e-04
4.467737383039638388e+01 0.000000000000000000e+00
4.489848193237492069e+01 0.000000000000000000e+00
