6.734772289856237881e-01 6.490186604492970446e+01
6.780587067338254004e-01 5.906624989725717256e+01
6.826401844820267906e-01 5.373108417872926879e+01
6.872216622302284028e-01 4.885097220121342332e+01
6.918031399784299040e-01 4.438487816719732848e+01
6.963846177266315163e-01 4.029568433888947965e+01
7.009660954748329065e-01 3.654979561670649701e+01
7.055475732230345187e-01 3.311678619091618714e+01
7.101290509712360199e-01 2.996908355995845596e+01
7.147105287194374101e-01 2.708168576098059788e+01
7.192920064676390224e-01 2.443190814243776288e+01
7.238734842158406346e-01 2.199915643386580300e+01
7.284549619640421358e-01 1.976472324165887429e+01
7.330364397122435260e-01 1.771160542839004037e+01
7.376179174604451383e-01 1.582434012255726685e+01
7.421993952086467505e-01 1.408885736053907856e+01
7.467808729568480297e-01 1.249234758728264083e+01
7.513623507050496420e-01 1.102314244054636561e+01
7.559438284532512542e-01 9.670607418626376628e+00
7.605253062014527554e-01 8.425045186237245076e+00
7.651067839496541456e-01 7.277608410073256984e+00
7.696882616978557579e-01 6.220221136695758268e+00
7.742697394460573701e-01 5.245507832667981596e+00
7.788512171942588713e-01 4.346729301941841150e+00
7.834326949424602615e-01 3.517724779837637428e+00
7.880141726906618738e-01 2.752859577815102377e+00
7.925956504388634860e-01 2.046977719724620393e+00
7.971771281870648762e-01 1.395359069327463786e+00
8.017586059352663774e-01 7.936805014406056458e-01
8.063400836834679897e-01 2.379807158495017561e-01
8.109215614316696019e-01 -2.753716651977926588e-01
8.155030391798708811e-01 -7.497070379612855717e-01
8.200845169280724933e-01 -1.188081085570118933e+00
8.246659946762741056e-01 -1.593298633141216225e+00
8.292474724244756068e-01 -1.967935322629628558e+00
8.338289501726769970e-01 -2.314357316799882547e+00
8.384104279208786092e-01 -2.634739220621923117e+00
8.429919056690802215e-01 -2.931080389530687835e+00
8.475733834172817227e-01 -3.205219777101079526e+00
8.521548611654831129e-01 -3.458849459563656303e+00
8.567363389136846141e-01 -3.693526961029208522e+00
8.613178166618862264e-01 -3.910686491132618237e+00
8.658992944100878386e-01 -4.111649195896804443e+00
8.704807721582892288e-01 -4.297632512822946893e+00
8.750622499064908411e-01 -4.469758712414017232e+00
8.796437276546923423e-01 -4.629062700429645183e+00
8.842252054028939545e-01 -4.776499148057614441e+00
8.888066831510952337e-01 -4.912949010786475057e+00
8.933881608992968459e-01 -5.039225491001474211e+00
8.979696386474984582e-01 -5.156079494134576890e+00
8.979696386474984582e-01 -5.156079494134576890e+00
1.119077740626028161e+00 -5.135724156485022007e+00
1.340185842604557864e+00 -5.107427984972118473e+00
1.561293944583087789e+00 -5.079076399302325129e+00
1.782402046561617492e+00 -5.050669297836166471e+00
2.003510148540147195e+00 -5.022206590297840556e+00
2.224618250518676899e+00 -4.993688198029246905e+00
2.445726352497206602e+00 -4.965114054247433018e+00
2.666834454475736305e+00 -4.936484104305507437e+00
2.887942556454266452e+00 -4.907798305957047802e+00
3.109050658432796155e+00 -4.879056629624039410e+00
3.330158760411325414e+00 -4.850259058668388690e+00
3.551266862389855117e+00 -4.821405589667035585e+00
3.772374964368384820e+00 -4.792496232690713676e+00
3.993483066346915411e+00 -4.763531011586388253e+00
4.214591168325444670e+00 -4.734509964263413195e+00
4.435699270303974373e+00 -4.705433142983439510e+00
4.656807372282504076e+00 -4.676300614654122612e+00
4.877915474261033779e+00 -4.647112461126657657e+00
5.099023576239564370e+00 -4.617868779497187326e+00
5.320131678218093185e+00 -4.588569682412120265e+00
5.541239780196623776e+00 -4.559215298377395698e+00
5.762347882175152591e+00 -4.529805772071743952e+00
5.983455984153682294e+00 -4.500341264663969554e+00
6.204564086132211109e+00 -4.470821954134309273e+00
6.425672188110742589e+00 -4.441248035599898891e+00
6.646780290089271404e+00 -4.411619721644393977e+00
6.867888392067801995e+00 -4.381937242651781084e+00
7.088996494046331698e+00 -4.352200847144429119e+00
7.310104596024861401e+00 -4.322410802125413731e+00
7.531212698003391104e+00 -4.292567393425168909e+00
7.752320799981919919e+00 -4.262670926052494202e+00
7.973428901960450510e+00 -4.232721724549975306e+00
8.194537003938981101e+00 -4.202720133353851750e+00
8.415645105917509028e+00 -4.172666517158380550e+00
8.636753207896038731e+00 -4.142561261284739338e+00
8.857861309874568434e+00 -4.112404772054510715e+00
9.078969411853098137e+00 -4.082197477167801125e+00
9.300077513831629616e+00 -4.051939826086027985e+00
9.521185615810159319e+00 -4.021632290419432820e+00
9.742293717788689023e+00 -3.991275364319356367e+00
9.963401819767218726e+00 -3.960869564875334703e+00
1.018450992174574843e+01 -3.930415432517046614e+00
1.040561802372427813e+01 -3.899913531421177471e+00
1.062672612570280606e+01 -3.869364449923234694e+00
1.084783422768133576e+01 -3.838768800934368119e+00
1.106894232965986546e+01 -3.808127222363246300e+00
1.129005043163839694e+01 -3.777440377543031857e+00
1.151115853361692665e+01 -3.746708955663509588e+00
1.173226663559545635e+01 -3.715933672208417526e+00
1.195337473757398605e+01 -3.685115269398027138e+00
1.217448283955251398e+01 -3.654254516637029493e+00
1.239559094153104546e+01 -3.623352210967771825e+00
1.261669904350957516e+01 -3.592409177528902653e+00
1.283780714548810487e+01 -3.561426270019472984e+00
1.305891524746663457e+01 -3.530404371168545552e+00
1.328002334944516605e+01 -3.499344393210370718e+00
1.350113145142369397e+01 -3.468247278365174324e+00
1.372223955340222545e+01 -3.437113999325616120e+00
1.394334765538075338e+01 -3.405945559748976503e+00
1.416445575735928308e+01 -3.374742994755113301e+00
1.438556385933781101e+01 -3.343507371430260555e+00
1.460667196131634427e+01 -3.312239789336709261e+00
1.482778006329487219e+01 -3.280941381028439796e+00
1.504888816527340190e+01 -3.249613312572748214e+00
1.526999626725193338e+01 -3.218256784077937471e+00
1.549110436923046130e+01 -3.186873030227121539e+00
1.571221247120899278e+01 -3.155463320818200135e+00
1.593332057318752071e+01 -3.124028961310070240e+00
1.615442867516605219e+01 -3.092571293375123265e+00
1.637553677714458189e+01 -3.061091695458097561e+00
1.659664487912311159e+01 -3.029591583341331607e+00
1.681775298110163774e+01 -2.998072410716495995e+00
1.703886108308017100e+01 -2.966535669762846883e+00
1.725996918505869715e+01 -2.934982891732079491e+00
1.748107728703722685e+01 -2.903415647539825617e+00
1.770218538901576011e+01 -2.871835548363872892e+00
1.792329349099428981e+01 -2.840244246249159499e+00
1.814440159297281951e+01 -2.808643434719607423e+00
1.836550969495134567e+01 -2.777034849396864402e+00
1.858661779692987892e+01 -2.745420268626010074e+00
1.880772589890840862e+01 -2.713801514108301838e+00
1.902883400088693833e+01 -2.682180451541009258e+00
1.924994210286546803e+01 -2.650558991264424069e+00
1.947105020484399773e+01 -2.618939088916091507e+00
1.969215830682252388e+01 -2.587322746092345138e+00
1.991326640880105359e+01 -2.555712011017201135e+00
2.013437451077958684e+01 -2.524108979218690152e+00
2.035548261275811655e+01 -2.492515794212686320e+00
2.057659071473664625e+01 -2.460934648194306185e+00
2.079769881671517595e+01 -2.429367782736949533e+00
2.101880691869370565e+01 -2.397817489499046939e+00
2.123991502067223536e+01 -2.366286110938587317e+00
2.146102312265076506e+01 -2.334776041035498739e+00
2.168213122462929121e+01 -2.303289726021949591e+00
2.190323932660782802e+01 -2.271829665120642883e+00
2.212434742858635062e+01 -2.240398411291188552e+00
2.234545553056488387e+01 -2.208998571984599923e+00
2.256656363254341358e+01 -2.177632809906022704e+00
2.278767173452194328e+01 -2.146303843785743126e+00
2.300877983650047298e+01 -2.115014449158564513e+00
2.322988793847899913e+01 -2.083767459151626866e+00
2.345099604045753239e+01 -2.052565765280736532e+00
2.367210414243606209e+01 -2.021412318255302765e+00
2.389321224441458824e+01 -1.990310128791932254e+00
2.411432034639312150e+01 -1.959262268436779530e+00
2.433542844837165475e+01 -1.928271870396733423e+00
2.455653655035017735e+01 -1.897342130379498393e+00
2.477764465232871416e+01 -1.866476307442671345e+00
2.499875275430724386e+01 -1.835677724851891846e+00
2.521986085628577001e+01 -1.804949770948133025e+00
2.544096895826429972e+01 -1.774295900024229100e+00
2.566207706024283297e+01 -1.743719633210721431e+00
2.588318516222135912e+01 -1.713224559371099298e+00
2.610429326419988882e+01 -1.682814336006517308e+00
2.632540136617841497e+01 -1.652492690170091372e+00
2.654650946815694823e+01 -1.622263419390834072e+00
2.676761757013548149e+01 -1.592130392607338907e+00
2.698872567211400408e+01 -1.562097551111278237e+00
2.720983377409254089e+01 -1.532168909500817078e+00
2.743094187607107060e+01 -1.502348556644031108e+00
2.765204997804959675e+01 -1.472640656652402624e+00
2.787315808002812645e+01 -1.443049449864498568e+00
2.809426618200665970e+01 -1.413579253839917227e+00
2.831537428398518585e+01 -1.384234464363591766e+00
2.853648238596371556e+01 -1.355019556460535401e+00
2.875759048794224171e+01 -1.325939085421139918e+00
2.897869858992077852e+01 -1.296997687837095237e+00
2.919980669189930822e+01 -1.268200082648048843e+00
2.942091479387783082e+01 -1.239551072199074566e+00
2.964202289585636763e+01 -1.211055543309062399e+00
2.986313099783489733e+01 -1.182718468350126395e+00
3.008423909981342348e+01 -1.154544906338109467e+00
3.030534720179195318e+01 -1.126540004034299880e+00
3.052645530377048644e+01 -1.098708997058452264e+00
3.074756340574901259e+01 -1.071057211013209054e+00
3.096867150772754229e+01 -1.043590062620017633e+00
3.118977960970606844e+01 -1.016313060866659734e+00
3.141088771168460525e+01 -9.892318081664716045e-01
3.163199581366313495e+01 -9.623520015293799412e-01
3.185310391564166110e+01 -9.356794337448323118e-01
3.207421201762019081e+01 -9.092199945767432956e-01
3.229532011959872762e+01 -8.829796719705587105e-01
3.251642822157725021e+01 -8.569645532725282955e-01
3.273753632355577992e+01 -8.311808264613080866e-01
3.295864442553431672e+01 -8.056347813919951806e-01
3.317975252751283932e+01 -7.803328110526981387e-01
3.340086062949136902e+01 -7.552814128337482780e-01
3.362196873146989873e+01 -7.304871898096755301e-01
3.384307683344842843e+01 -7.059568520340406828e-01
3.406418493542695813e+01 -6.816972178472456845e-01
3.428529303740548784e+01 -6.577152151974297034e-01
3.450640113938401754e+01 -6.340178829745639622e-01
3.472750924136255435e+01 -6.106123723578575913e-01
3.494861734334107695e+01 -5.875059481765894098e-01
3.516972544531960665e+01 -5.647059902844782098e-01
3.539083354729814346e+01 -5.422199949477123360e-01
3.561194164927666606e+01 -5.200555762467503618e-01
3.583304975125519576e+01 -4.982204674920065468e-01
3.605415785323372546e+01 -4.767225226535534710e-01
3.627526595521225516e+01 -4.555697178049446516e-01
3.649637405719078487e+01 -4.347701525812874834e-01
3.671748215916931457e+01 -4.143320516516838525e-01
3.693859026114784427e+01 -3.942637662061611592e-01
3.715969836312638108e+01 -3.745737754572159295e-01
3.738080646510491079e+01 -3.552706881560946384e-01
3.760191456708343338e+01 -3.363632441239357007e-01
3.782302266906197019e+01 -3.178603157978965310e-01
3.804413077104049279e+01 -2.997709097924001198e-01
3.826523887301902249e+01 -2.821041684756127044e-01
3.848634697499755219e+01 -2.648693715613007482e-01
3.870745507697608190e+01 -2.480759377161803614e-01
3.892856317895461160e+01 -2.317334261828979947e-01
3.914967128093314130e+01 -2.158515384187714714e-01
3.937077938291167101e+01 -2.004401197504235843e-01
3.959188748489020782e+01 -1.855091610444417893e-01
3.981299558686873752e+01 -1.710688003941981672e-01
4.003410368884726012e+01 -1.571293248229653217e-01
4.025521179082579692e+01 -1.437011720034625517e-01
4.047631989280432663e+01 -1.307949319939753496e-01
4.069742799478284923e+01 -1.184213489911771083e-01
4.091853609676137893e+01 -1.065913230998006139e-01
4.113964419873990863e+01 -9.531591211929790752e-02
4.136075230071843833e+01 -8.460633334762623914e-02
4.158186040269696804e+01 -7.447396540230677431e-02
4.180296850467549774e+01 -6.493035005889762068e-02
4.202407660665403455e+01 -5.598719410702619748e-02
4.224518470863256425e+01 -4.765637122412659521e-02
4.246629281061109396e+01 -3.994992386702867632e-02
4.268740091258962366e+01 -3.288006518154656943e-02
4.290850901456815336e+01 -2.645918093021585801e-02
4.312961711654668306e+01 -2.069983143832892364e-02
4.335072521852520566e+01 -1.561475355842040572e-02
4.357183332050374247e+01 -1.121686265335305327e-02
4.379294142248227217e+01 -7.519254598161662084e-03
4.401404952446079477e+01 -4.535207800803081266e-03
4.423515762643933158e+01 -2.278185241973535238e-03
4.445626572841786128e+01 -7.618365341483634545e-04
4.467737383039638388e+01 0.000000000000000000e+00
4.489848193237492069e+01 0.000000000000000000e+00
