6.734772289856237881e-01 7.420342837271719816e+01
6.780587067338254004e-01 6.836671085604605480e+01
6.826401844820267906e-01 6.303044373486316942e+01
6.872216622302284028e-01 5.814923032103643408e+01
6.918031399784299040e-01 5.368203481705400293e+01
6.963846177266315163e-01 4.959173948512486163e+01
7.009660954748329065e-01 4.584474922566609933e+01
7.055475732230345187e-01 4.241063822894601287e+01
7.101290509712360199e-01 3.926183399340498426e+01
7.147105287194374101e-01 3.637333455619079814e+01
7.192920064676390224e-01 3.372245526575910901e+01
7.238734842158406346e-01 3.128860185164625562e+01
7.284549619640421358e-01 2.905306692024689141e+01
7.330364397122435260e-01 2.699884733413459159e+01
7.376179174604451383e-01 2.511048022180782269e+01
7.421993952086467505e-01 2.337389561964562290e+01
7.467808729568480297e-01 2.177628397259566384e+01
7.513623507050496420e-01 2.030597691841688146e+01
7.559438284532512542e-01 1.895233995540591465e+01
7.605253062014527554e-01 1.770567574827785862e+01
7.651067839496541456e-01 1.655713696372752963e+01
7.696882616978557579e-01 1.549864764831680297e+01
7.742697394460573701e-01 1.452283226860944154e+01
7.788512171942588713e-01 1.362295162855789954e+01
7.834326949424602615e-01 1.279284496348301658e+01
7.880141726906618738e-01 1.202687758484506730e+01
7.925956504388634860e-01 1.131989351649498765e+01
7.971771281870648762e-01 1.066717262219459705e+01
8.017586059352663774e-01 1.006439177676142549e+01
8.063400836834679897e-01 9.507589679981482078e+00
8.109215614316696019e-01 8.993134954103386036e+00
8.155030391798708811e-01 8.517697202867694273e+00
8.200845169280724933e-01 8.078220743145832827e+00
8.246659946762741056e-01 7.671900749821446652e+00
8.292474724244756068e-01 7.296161580940062841e+00
8.338289501726769970e-01 6.948637073737731207e+00
8.384104279208786092e-01 6.627152623245088137e+00
8.429919056690802215e-01 6.329708874027781818e+00
8.475733834172817227e-01 6.054466872511497400e+00
8.521548611654831129e-01 5.799734542466268294e+00
8.567363389136846141e-01 5.563954359781901005e+00
8.613178166618862264e-01 5.345692114824111663e+00
8.658992944100878386e-01 5.143626661570584346e+00
8.704807721582892288e-01 4.956540562520741489e+00
8.750622499064908411e-01 4.783311547172224287e+00
8.796437276546923423e-01 4.622904709766014086e+00
8.842252054028939545e-01 4.474365379114943586e+00
8.888066831510952337e-01 4.336812599731081797e+00
8.933881608992968459e-01 4.209433169229805038e+00
8.979696386474984582e-01 4.091476182179774490e+00
8.979696386474984582e-01 4.091476182179774490e+00
1.119077740626028161e+00 4.058521783230401248e+00
1.340185842604557864e+00 4.033430016223054970e+00
1.561293944583087789e+00 4.008315570528106164e+00
1.782402046561617492e+00 3.983178676563215781e+00
2.003510148540147195e+00 3.958019573475384245e+00
2.224618250518676899e+00 3.932838509283643091e+00
2.445726352497206602e+00 3.907635741023426590e+00
2.666834454475736305e+00 3.882411534892639793e+00
2.887942556454266452e+00 3.857166166399438989e+00
3.109050658432796155e+00 3.831899920511739666e+00
3.330158760411325414e+00 3.806613091808471072e+00
3.551266862389855117e+00 3.781305984632591599e+00
3.772374964368384820e+00 3.755978913245882733e+00
3.993483066346915411e+00 3.730632201985538021e+00
4.214591168325444670e+00 3.705266185422564362e+00
4.435699270303974373e+00 3.679881208522012059e+00
4.656807372282504076e+00 3.654477626805053614e+00
4.877915474261033779e+00 3.629055806512922810e+00
5.099023576239564370e+00 3.603616124772739404e+00
5.320131678218093185e+00 3.578158969765229624e+00
5.541239780196623776e+00 3.552684740894365589e+00
5.762347882175152591e+00 3.527193848958940503e+00
5.983455984153682294e+00 3.501686716326093851e+00
6.204564086132211109e+00 3.476163777106811903e+00
6.425672188110742589e+00 3.450625477333415070e+00
6.646780290089271404e+00 3.425072275139056099e+00
6.867888392067801995e+00 3.399504640939242428e+00
7.088996494046331698e+00 3.373923057615407561e+00
7.310104596024861401e+00 3.348328020700546137e+00
7.531212698003391104e+00 3.322720038566931766e+00
7.752320799981919919e+00 3.297099632615942078e+00
7.973428901960450510e+00 3.271467337470002068e+00
8.194537003938981101e+00 3.245823701166674180e+00
8.415645105917509028e+00 3.220169285354907984e+00
8.636753207896038731e+00 3.194504665493474338e+00
8.857861309874568434e+00 3.168830431051600449e+00
9.078969411853098137e+00 3.143147185711827163e+00
9.300077513831629616e+00 3.117455547575112007e+00
9.521185615810159319e+00 3.091756149368194428e+00
9.742293717788689023e+00 3.066049638653244092e+00
9.963401819767218726e+00 3.040336678039817109e+00
1.018450992174574843e+01 3.014617945399137078e+00
1.040561802372427813e+01 2.988894134080726239e+00
1.062672612570280606e+01 2.963165953131402741e+00
1.084783422768133576e+01 2.937434127516669768e+00
1.106894232965986546e+01 2.911699398344519185e+00
1.129005043163839694e+01 2.885962523091667453e+00
1.151115853361692665e+01 2.860224275832248253e+00
1.173226663559545635e+01 2.834485447468986230e+00
1.195337473757398605e+01 2.808746845966869188e+00
1.217448283955251398e+01 2.783009296589346704e+00
1.239559094153104546e+01 2.757273642137073377e+00
1.261669904350957516e+01 2.731540743189224241e+00
1.283780714548810487e+01 2.705811478347401877e+00
1.305891524746663457e+01 2.680086744482159666e+00
1.328002334944516605e+01 2.654367456982166473e+00
1.350113145142369397e+01 2.628654550006033208e+00
1.372223955340222545e+01 2.602948976736826570e+00
1.394334765538075338e+01 2.577251709639298838e+00
1.416445575735928308e+01 2.551563740719847484e+00
1.438556385933781101e+01 2.525886081789240123e+00
1.460667196131634427e+01 2.500219764728120353e+00
1.482778006329487219e+01 2.474565841755330009e+00
1.504888816527340190e+01 2.448925385699058488e+00
1.526999626725193338e+01 2.423299490270858225e+00
1.549110436923046130e+01 2.397689270342545420e+00
1.571221247120899278e+01 2.372095862226007323e+00
1.593332057318752071e+01 2.346520423955953838e+00
1.615442867516605219e+01 2.320964135575627196e+00
1.637553677714458189e+01 2.295428199425505689e+00
1.659664487912311159e+01 2.269913840435016539e+00
1.681775298110163774e+01 2.244422306417300117e+00
1.703886108308017100e+01 2.218954868367036148e+00
1.725996918505869715e+01 2.193512820761374105e+00
1.748107728703722685e+01 2.168097481863978881e+00
1.770218538901576011e+01 2.142710194032235282e+00
1.792329349099428981e+01 2.117352324027629962e+00
1.814440159297281951e+01 2.092025263329335694e+00
1.836550969495134567e+01 2.066730428451039270e+00
1.858661779692987892e+01 2.041469261261024570e+00
1.880772589890840862e+01 2.016243229305555218e+00
1.902883400088693833e+01 1.991053826135571692e+00
1.924994210286546803e+01 1.965902571636744423e+00
1.947105020484399773e+01 1.940791012362901524e+00
1.969215830682252388e+01 1.915720721872867793e+00
1.991326640880105359e+01 1.890693301070740961e+00
2.013437451077958684e+01 1.865710378549637394e+00
2.035548261275811655e+01 1.840773610938936766e+00
2.057659071473664625e+01 1.815884683255051701e+00
2.079769881671517595e+01 1.791045309255762996e+00
2.101880691869370565e+01 1.766257231798139982e+00
2.123991502067223536e+01 1.741522223200085540e+00
2.146102312265076506e+01 1.716842085605532420e+00
2.168213122462929121e+01 1.692218651353324832e+00
2.190323932660782802e+01 1.667653783349813068e+00
2.212434742858635062e+01 1.643149375445204674e+00
2.234545553056488387e+01 1.618707352813682832e+00
2.256656363254341358e+01 1.594329672337351234e+00
2.278767173452194328e+01 1.570018322994016113e+00
2.300877983650047298e+01 1.545775326248849835e+00
2.322988793847899913e+01 1.521602736449967574e+00
2.345099604045753239e+01 1.497502641227945963e+00
2.367210414243606209e+01 1.473477161899328314e+00
2.389321224441458824e+01 1.449528453874134870e+00
2.411432034639312150e+01 1.425658707067424480e+00
2.433542844837165475e+01 1.401870146314943666e+00
2.455653655035017735e+01 1.378165031792882855e+00
2.477764465232871416e+01 1.354545659441790839e+00
2.499875275430724386e+01 1.331014361394680101e+00
2.521986085628577001e+01 1.307573506409347219e+00
2.544096895826429972e+01 1.284225500304956746e+00
2.566207706024283297e+01 1.260972786402921653e+00
2.588318516222135912e+01 1.237817845972115416e+00
2.610429326419988882e+01 1.214763198678445510e+00
2.632540136617841497e+01 1.191811403038843364e+00
2.654650946815694823e+01 1.168965056879686992e+00
2.676761757013548149e+01 1.146226797799712482e+00
2.698872567211400408e+01 1.123599303637435431e+00
2.720983377409254089e+01 1.101085292943131844e+00
2.743094187607107060e+01 1.078687525455417573e+00
2.765204997804959675e+01 1.056408802582453399e+00
2.787315808002812645e+01 1.034251967887825918e+00
2.809426618200665970e+01 1.012219907581141332e+00
2.831537428398518585e+01 9.903155510133694328e-01
2.853648238596371556e+01 9.685418711769728795e-01
2.875759048794224171e+01 9.469018852108765927e-01
2.897869858992077852e+01 9.253986549102996007e-01
2.919980669189930822e+01 9.040352872415076124e-01
2.942091479387783082e+01 8.828149348615098591e-01
2.964202289585636763e+01 8.617407966427549360e-01
2.986313099783489733e+01 8.408161182028658365e-01
3.008423909981342348e+01 8.200441924394459292e-01
3.030534720179195318e+01 7.994283600700089476e-01
3.052645530377048644e+01 7.789720101770736260e-01
3.074756340574901259e+01 7.586785807584626173e-01
3.096867150772754229e+01 7.385515592828463260e-01
3.118977960970606844e+01 7.185944832505877233e-01
3.141088771168460525e+01 6.988109407599145673e-01
3.163199581366313495e+01 6.792045710784814228e-01
3.185310391564166110e+01 6.597790652203480155e-01
3.207421201762019081e+01 6.405381665284317627e-01
3.229532011959872762e+01 6.214856712624786672e-01
3.251642822157725021e+01 6.026254291925878803e-01
3.273753632355577992e+01 5.839613441983468878e-01
3.295864442553431672e+01 5.654973748736200623e-01
3.317975252751283932e+01 5.472375351370355467e-01
3.340086062949136902e+01 5.291858948482143221e-01
3.362196873146989873e+01 5.113465804297997463e-01
3.384307683344842843e+01 4.937237754953222590e-01
3.406418493542695813e+01 4.763217214829548740e-01
3.428529303740548784e+01 4.591447182952055894e-01
3.450640113938401754e+01 4.421971249445949548e-01
3.472750924136255435e+01 4.254833602053684216e-01
3.494861734334107695e+01 4.090079032712927165e-01
3.516972544531960665e+01 3.927752944195842533e-01
3.539083354729814346e+01 3.767901356810239299e-01
3.561194164927666606e+01 3.610570915163044958e-01
3.583304975125519576e+01 3.455808894986597268e-01
3.605415785323372546e+01 3.303663210028352504e-01
3.627526595521225516e+01 3.154182419004421534e-01
3.649637405719078487e+01 3.007415732617519932e-01
3.671748215916931457e+01 2.863413020639825612e-01
3.693859026114784427e+01 2.722224819061283552e-01
3.715969836312638108e+01 2.583902337303881080e-01
3.738080646510491079e+01 2.448497465502430526e-01
3.760191456708343338e+01 2.316062781852398222e-01
3.782302266906197019e+01 2.186651560025306418e-01
3.804413077104049279e+01 2.060317776652307864e-01
3.826523887301902249e+01 1.937116118876380522e-01
3.848634697499755219e+01 1.817101991973821273e-01
3.870745507697608190e+01 1.700331527045493840e-01
3.892856317895461160e+01 1.586861588778448739e-01
3.914967128093314130e+01 1.476749783278461792e-01
3.937077938291167101e+01 1.370054465974067104e-01
3.959188748489020782e+01 1.266834749592653520e-01
3.981299558686873752e+01 1.167150512209208651e-01
4.003410368884726012e+01 1.071062405368291282e-01
4.025521179082579692e+01 9.786318622798055589e-02
4.047631989280432663e+01 8.899211060892098235e-02
4.069742799478284923e+01 8.049931582226882432e-02
4.091853609676137893e+01 7.239118468079423774e-02
4.113964419873990863e+01 6.467418151711924745e-02
4.136075230071843833e+01 5.735485304109731036e-02
4.158186040269696804e+01 5.043982920493630950e-02
4.180296850467549774e+01 4.393582407612534046e-02
4.202407660665403455e+01 3.784963671822767772e-02
4.224518470863256425e+01 3.218815207960257219e-02
4.246629281061109396e+01 2.695834189011888163e-02
4.268740091258962366e+01 2.216726556592377509e-02
4.290850901456815336e+01 1.782207112233088336e-02
4.312961711654668306e+01 1.392999609489174728e-02
4.335072521852520566e+01 1.049836846871609122e-02
4.357183332050374247e+01 7.534607616104829070e-03
4.379294142248227217e+01 5.046225242564593080e-03
4.401404952446079477e+01 3.040826341265524466e-03
4.423515762643933158e+01 1.526110156012926329e-03
4.445626572841786128e+01 5.098711527988826616e-04
4.467737383039638388e+01 0.000000000000000000e+00
4.489848193237492069e+01 0.000000000000000000e+00
