6.734772289856237881e-01 7.009442037415327320e+01
6.780587067338254004e-01 6.425822133827389848e+01
6.826401844820267906e-01 5.892247270793605907e+01
6.872216622302284028e-01 5.404177779500590617e+01
6.918031399784299040e-01 4.957510080196984603e+01
6.963846177266315163e-01 4.548532399103509505e+01
7.009660954748329065e-01 4.173885226261699444e+01
7.055475732230345187e-01 3.830525980698207178e+01
7.101290509712360199e-01 3.515697412256896115e+01
7.147105287194374101e-01 3.226899324652367795e+01
7.192920064676390224e-01 2.961863252730011098e+01
7.238734842158406346e-01 2.718529769443283328e+01
7.284549619640421358e-01 2.495028135431473970e+01
7.330364397122435260e-01 2.289658036951762554e+01
7.376179174604451383e-01 2.100873186853819519e+01
7.421993952086467505e-01 1.927266588775371048e+01
7.467808729568480297e-01 1.767557287211007733e+01
7.513623507050496420e-01 1.620578445936444822e+01
7.559438284532512542e-01 1.485266614781169459e+01
7.605253062014527554e-01 1.360652060216512993e+01
7.651067839496541456e-01 1.245850048911779240e+01
7.696882616978557579e-01 1.140052985522977380e+01
7.742697394460573701e-01 1.042523316706306069e+01
7.788512171942588713e-01 9.525871228568320248e+00
7.834326949424602615e-01 8.696283275064608631e+00
7.880141726906618738e-01 7.930834618010415227e+00
7.925956504388634860e-01 7.224369281254884534e+00
7.971771281870648762e-01 6.572167128558048965e+00
8.017586059352663774e-01 5.969905034735646154e+00
8.063400836834679897e-01 5.413621699571896428e+00
8.109215614316696019e-01 4.899685745313621332e+00
8.155030391798708811e-01 4.424766775699582766e+00
8.200845169280724933e-01 3.985809107599409540e+00
8.246659946762741056e-01 3.580007915894950710e+00
8.292474724244756068e-01 3.204787558629930366e+00
8.338289501726769970e-01 2.857781873038598874e+00
8.384104279208786092e-01 2.536816254149789174e+00
8.429919056690802215e-01 2.239891346527344229e+00
8.475733834172817227e-01 1.965168196595143524e+00
8.521548611654831129e-01 1.710954728121413915e+00
8.567363389136846141e-01 1.475693416994150686e+00
8.613178166618862264e-01 1.257950053577261196e+00
8.658992944100878386e-01 1.056403491846615861e+00
8.704807721582892288e-01 8.698362942998261182e-01
8.750622499064908411e-01 6.971261904327145098e-01
8.796437276546923423e-01 5.372382744844488300e-01
8.842252054028939545e-01 3.892178752660420127e-01
8.888066831510952337e-01 2.521840372877444114e-01
8.933881608992968459e-01 1.253235581631106654e-01
8.979696386474984582e-01 7.885532458978045459e-03
8.979696386474984582e-01 7.885532458978045459e-03
1.119077740626028161e+00 0.000000000000000000e+00
1.340185842604557864e+00 0.000000000000000000e+00
1.561293944583087789e+00 0.000000000000000000e+00
1.782402046561617492e+00 0.000000000000000000e+00
2.003510148540147195e+00 0.000000000000000000e+00
2.224618250518676899e+00 0.000000000000000000e+00
2.445726352497206602e+00 0.000000000000000000e+00
2.666834454475736305e+00 0.000000000000000000e+00
2.887942556454266452e+00 0.000000000000000000e+00
3.109050658432796155e+00 0.000000000000000000e+00
3.330158760411325414e+00 0.000000000000000000e+00
3.551266862389855117e+00 0.000000000000000000e+00
3.772374964368384820e+00 0.000000000000000000e+00
3.993483066346915411e+00 0.000000000000000000e+00
4.214591168325444670e+00 0.000000000000000000e+00
4.435699270303974373e+00 0.000000000000000000e+00
4.656807372282504076e+00 0.000000000000000000e+00
4.877915474261033779e+00 0.000000000000000000e+00
5.099023576239564370e+00 0.000000000000000000e+00
5.320131678218093185e+00 0.000000000000000000e+00
5.541239780196623776e+00 0.000000000000000000e+00
5.762347882175152591e+00 0.000000000000000000e+00
5.983455984153682294e+00 0.000000000000000000e+00
6.204564086132211109e+00 0.000000000000000000e+00
6.425672188110742589e+00 0.000000000000000000e+00
6.646780290089271404e+00 0.000000000000000000e+00
6.867888392067801995e+00 0.000000000000000000e+00
7.088996494046331698e+00 0.000000000000000000e+00
7.310104596024861401e+00 0.000000000000000000e+00
7.531212698003391104e+00 0.000000000000000000e+00
7.752320799981919919e+00 0.000000000000000000e+00
7.973428901960450510e+00 0.000000000000000000e+00
8.194537003938981101e+00 0.000000000000000000e+00
8.415645105917509028e+00 0.000000000000000000e+00
8.636753207896038731e+00 0.000000000000000000e+00
8.857861309874568434e+00 0.000000000000000000e+00
9.078969411853098137e+00 0.000000000000000000e+00
9.300077513831629616e+00 0.000000000000000000e+00
9.521185615810159319e+00 0.000000000000000000e+00
9.742293717788689023e+00 0.000000000000000000e+00
9.963401819767218726e+00 0.000000000000000000e+00
1.018450992174574843e+01 0.000000000000000000e+00
1.040561802372427813e+01 0.000000000000000000e+00
1.062672612570280606e+01 0.000000000000000000e+00
1.084783422768133576e+01 0.000000000000000000e+00
1.106894232965986546e+01 0.000000000000000000e+00
1.129005043163839694e+01 0.000000000000000000e+00
1.151115853361692665e+01 0.000000000000000000e+00
1.173226663559545635e+01 0.000000000000000000e+00
1.195337473757398605e+01 0.000000000000000000e+00
1.217448283955251398e+01 0.000000000000000000e+00
1.239559094153104546e+01 0.000000000000000000e+00
1.261669904350957516e+01 0.000000000000000000e+00
1.283780714548810487e+01 0.000000000000000000e+00
1.305891524746663457e+01 0.000000000000000000e+00
1.328002334944516605e+01 0.000000000000000000e+00
1.350113145142369397e+01 0.000000000000000000e+00
1.372223955340222545e+01 0.000000000000000000e+00
1.394334765538075338e+01 0.000000000000000000e+00
1.416445575735928308e+01 0.000000000000000000e+00
1.438556385933781101e+01 0.000000000000000000e+00
1.460667196131634427e+01 0.000000000000000000e+00
1.482778006329487219e+01 0.000000000000000000e+00
1.504888816527340190e+01 0.000000000000000000e+00
1.526999626725193338e+01 0.000000000000000000e+00
1.549110436923046130e+01 0.000000000000000000e+00
1.571221247120899278e+01 0.000000000000000000e+00
1.593332057318752071e+01 0.000000000000000000e+00
1.615442867516605219e+01 0.000000000000000000e+00
1.637553677714458189e+01 0.000000000000000000e+00
1.659664487912311159e+01 0.000000000000000000e+00
1.681775298110163774e+01 0.000000000000000000e+00
1.703886108308017100e+01 0.000000000000000000e+00
1.725996918505869715e+01 0.000000000000000000e+00
1.748107728703722685e+01 0.000000000000000000e+00
1.770218538901576011e+01 0.000000000000000000e+00
1.792329349099428981e+01 0.000000000000000000e+00
1.814440159297281951e+01 0.000000000000000000e+00
1.836550969495134567e+01 0.000000000000000000e+00
1.858661779692987892e+01 0.000000000000000000e+00
1.880772589890840862e+01 0.000000000000000000e+00
1.902883400088693833e+01 0.000000000000000000e+00
1.924994210286546803e+01 0.000000000000000000e+00
1.947105020484399773e+01 0.000000000000000000e+00
1.969215830682252388e+01 0.000000000000000000e+00
1.991326640880105359e+01 0.000000000000000000e+00
2.013437451077958684e+01 0.000000000000000000e+00
2.035548261275811655e+01 0.000000000000000000e+00
2.057659071473664625e+01 0.000000000000000000e+00
2.079769881671517595e+01 0.000000000000000000e+00
2.101880691869370565e+01 0.000000000000000000e+00
2.123991502067223536e+01 0.000000000000000000e+00
2.146102312265076506e+01 0.000000000000000000e+00
2.168213122462929121e+01 0.000000000000000000e+00
2.190323932660782802e+01 0.000000000000000000e+00
2.212434742858635062e+01 0.000000000000000000e+00
2.234545553056488387e+01 0.000000000000000000e+00
2.256656363254341358e+01 0.000000000000000000e+00
2.278767173452194328e+01 0.000000000000000000e+00
2.300877983650047298e+01 0.000000000000000000e+00
2.322988793847899913e+01 0.000000000000000000e+00
2.345099604045753239e+01 0.000000000000000000e+00
2.367210414243606209e+01 0.000000000000000000e+00
2.389321224441458824e+01 0.000000000000000000e+00
2.411432034639312150e+01 0.000000000000000000e+00
2.433542844837165475e+01 0.000000000000000000e+00
2.455653655035017735e+01 0.000000000000000000e+00
2.477764465232871416e+01 0.000000000000000000e+00
2.499875275430724386e+01 0.000000000000000000e+00
2.521986085628577001e+01 0.000000000000000000e+00
2.544096895826429972e+01 0.000000000000000000e+00
2.566207706024283297e+01 0.000000000000000000e+00
2.588318516222135912e+01 0.000000000000000000e+00
2.610429326419988882e+01 0.000000000000000000e+00
2.632540136617841497e+01 0.000000000000000000e+00
2.654650946815694823e+01 0.000000000000000000e+00
2.676761757013548149e+01 0.000000000000000000e+00
2.698872567211400408e+01 0.000000000000000000e+00
2.720983377409254089e+01 0.000000000000000000e+00
2.743094187607107060e+01 0.000000000000000000e+00
2.765204997804959675e+01 0.000000000000000000e+00
2.787315808002812645e+01 0.000000000000000000e+00
2.809426618200665970e+01 0.000000000000000000e+00
2.831537428398518585e+01 0.000000000000000000e+00
2.853648238596371556e+01 0.000000000000000000e+00
2.875759048794224171e+01 0.000000000000000000e+00
2.897869858992077852e+01 0.000000000000000000e+00
2.919980669189930822e+01 0.000000000000000000e+00
2.942091479387783082e+01 0.000000000000000000e+00
2.964202289585636763e+01 0.000000000000000000e+00
2.986313099783489733e+01 0.000000000000000000e+00
3.008423909981342348e+01 0.000000000000000000e+00
3.030534720179195318e+01 0.000000000000000000e+00
3.052645530377048644e+01 0.000000000000000000e+00
3.074756340574901259e+01 0.000000000000000000e+00
3.096867150772754229e+01 0.000000000000000000e+00
3.118977960970606844e+01 0.000000000000000000e+00
3.141088771168460525e+01 0.000000000000000000e+00
3.163199581366313495e+01 0.000000000000000000e+00
3.185310391564166110e+01 0.000000000000000000e+00
3.207421201762019081e+01 0.000000000000000000e+00
3.229532011959872762e+01 0.000000000000000000e+00
3.251642822157725021e+01 0.000000000000000000e+00
3.273753632355577992e+01 0.000000000000000000e+00
3.295864442553431672e+01 0.000000000000000000e+00
3.317975252751283932e+01 0.000000000000000000e+00
3.340086062949136902e+01 0.000000000000000000e+00
3.362196873146989873e+01 0.000000000000000000e+00
3.384307683344842843e+01 0.000000000000000000e+00
3.406418493542695813e+01 0.000000000000000000e+00
3.428529303740548784e+01 0.000000000000000000e+00
3.450640113938401754e+01 0.000000000000000000e+00
3.472750924136255435e+01 0.000000000000000000e+00
3.494861734334107695e+01 0.000000000000000000e+00
3.516972544531960665e+01 0.000000000000000000e+00
3.539083354729814346e+01 0.000000000000000000e+00
3.561194164927666606e+01 0.000000000000000000e+00
3.583304975125519576e+01 0.000000000000000000e+00
3.605415785323372546e+01 0.000000000000000000e+00
3.627526595521225516e+01 0.000000000000000000e+00
3.649637405719078487e+01 0.000000000000000000e+00
3.671748215916931457e+01 0.000000000000000000e+00
3.693859026114784427e+01 0.000000000000000000e+00
3.715969836312638108e+01 0.000000000000000000e+00
3.738080646510491079e+01 0.000000000000000000e+00
3.760191456708343338e+01 0.000000000000000000e+00
3.782302266906197019e+01 0.000000000000000000e+00
3.804413077104049279e+01 0.000000000000000000e+00
3.826523887301902249e+01 0.000000000000000000e+00
3.848634697499755219e+01 0.000000000000000000e+00
3.870745507697608190e+01 0.000000000000000000e+00
3.892856317895461160e+01 0.000000000000000000e+00
3.914967128093314130e+01 0.000000000000000000e+00
3.937077938291167101e+01 0.000000000000000000e+00
3.959188748489020782e+01 0.000000000000000000e+00
3.981299558686873752e+01 0.000000000000000000e+00
4.003410368884726012e+01 0.000000000000000000e+00
4.025521179082579692e+01 0.000000000000000000e+00
4.047631989280432663e+01 0.000000000000000000e+00
4.069742799478284923e+01 0.000000000000000000e+00
4.091853609676137893e+01 0.000000000000000000e+00
4.113964419873990863e+01 0.000000000000000000e+00
4.136075230071843833e+01 0.000000000000000000e+00
4.158186040269696804e+01 0.000000000000000000e+00
4.180296850467549774e+01 0.000000000000000000e+00
4.202407660665403455e+01 0.000000000000000000e+00
4.224518470863256425e+01 0.000000000000000000e+00
4.246629281061109396e+01 0.000000000000000000e+00
4.268740091258962366e+01 0.000000000000000000e+00
4.290850901456815336e+01 0.000000000000000000e+00
4.312961711654668306e+01 0.000000000000000000e+00
4.335072521852520566e+01 0.000000000000000000e+00
4.357183332050374247e+01 0.000000000000000000e+00
4.379294142248227217e+01 0.000000000000000000e+00
4.401404952446079477e+01 0.000000000000000000e+00
4.423515762643933158e+01 0.000000000000000000e+00
4.445626572841786128e+01 0.000000000000000000e+00
4.467737383039638388e+01 0.000000000000000000e+00
4.489848193237492069e+01 0.000000000000000000e+00
