6.734772289856237881e-01 8.035267489465914537e+01
6.780587067338254004e-01 7.451453455403058967e+01
6.826401844820267906e-01 6.917684469869672625e+01
6.872216622302284028e-01 6.429420864055728657e+01
6.918031399784299040e-01 5.982559058213229264e+01
6.963846177266315163e-01 5.573387278566254821e+01
7.009660954748329065e-01 5.198546015159699607e+01
7.055475732230345187e-01 4.854992687023576536e+01
7.101290509712360199e-01 4.539970044005110594e+01
7.147105287194374101e-01 4.250977889822264189e+01
7.192920064676390224e-01 3.985747759323787420e+01
7.238734842158406346e-01 3.742220225466499528e+01
7.284549619640421358e-01 3.518524548893051929e+01
7.330364397122435260e-01 3.312960415863987151e+01
7.376179174604451383e-01 3.123981539232337568e+01
7.421993952086467505e-01 2.950180922639192715e+01
7.467808729568480297e-01 2.790277610582506895e+01
7.513623507050496420e-01 2.643104766841358355e+01
7.559438284532512542e-01 2.507598941248598123e+01
7.605253062014527554e-01 2.382790400278922505e+01
7.651067839496541456e-01 2.267794410604999911e+01
7.696882616978557579e-01 2.161803376886203409e+01
7.742697394460573701e-01 2.064079745782098030e+01
7.788512171942588713e-01 1.973949597691115443e+01
7.834326949424602615e-01 1.890796856148526928e+01
7.880141726906618738e-01 1.814058052303548152e+01
7.925956504388634860e-01 1.743217588544459673e+01
7.971771281870648762e-01 1.677803451250631639e+01
8.017586059352663774e-01 1.617383327907004897e+01
8.063400836834679897e-01 1.561561088495368743e+01
8.109215614316696019e-01 1.509973595243772948e+01
8.155030391798708811e-01 1.462287808529462119e+01
8.200845169280724933e-01 1.418198160042767242e+01
8.246659946762741056e-01 1.377424167275241906e+01
8.292474724244756068e-01 1.339708266034627471e+01
8.338289501726769970e-01 1.304813840047718543e+01
8.384104279208786092e-01 1.272523428820767499e+01
8.429919056690802215e-01 1.242637096813528785e+01
8.475733834172817227e-01 1.214970948671760809e+01
8.521548611654831129e-01 1.189355776775656182e+01
8.567363389136846141e-01 1.165635828717385891e+01
8.613178166618862264e-01 1.143667683536711444e+01
8.658992944100878386e-01 1.123319226634591672e+01
8.704807721582892288e-01 1.104468714264159068e+01
8.750622499064908411e-01 1.087003919378368089e+01
8.796437276546923423e-01 1.070821351404508093e+01
8.842252054028939545e-01 1.055825543227053132e+01
8.888066831510952337e-01 1.041928399300401153e+01
8.933881608992968459e-01 1.029048599389280838e+01
8.979696386474984582e-01 1.017111052953749706e+01
8.979696386474984582e-01 1.017111052953749706e+01
1.119077740626028161e+00 1.006991305745181720e+01
1.340185842604557864e+00 9.976796308111875788e+00
1.561293944583087789e+00 9.883878574793119043e+00
1.782402046561617492e+00 9.791163699416646438e+00
2.003510148540147195e+00 9.698655539816762428e+00
2.224618250518676899e+00 9.606357969461065238e+00
2.445726352497206602e+00 9.514274877164019983e+00
2.666834454475736305e+00 9.422410166793927289e+00
2.887942556454266452e+00 9.330767756973212812e+00
3.109050658432796155e+00 9.239351580771950623e+00
3.330158760411325414e+00 9.148165585394538724e+00
3.551266862389855117e+00 9.057213731859443229e+00
3.772374964368384820e+00 8.966499994671927709e+00
3.993483066346915411e+00 8.876028361489675333e+00
4.214591168325444670e+00 8.785802832781234528e+00
4.435699270303974373e+00 8.695827421477172692e+00
4.656807372282504076e+00 8.606106152613881122e+00
4.877915474261033779e+00 8.516643062969921019e+00
5.099023576239564370e+00 8.427442200694828855e+00
5.320131678218093185e+00 8.338507624930294071e+00
5.541239780196623776e+00 8.249843405423606058e+00
5.762347882175152591e+00 8.161453622133292285e+00
5.983455984153682294e+00 8.073342364826848083e+00
6.204564086132211109e+00 7.985513732670460385e+00
6.425672188110742589e+00 7.897971833810636610e+00
6.646780290089271404e+00 7.810720784947648099e+00
6.867888392067801995e+00 7.723764710900672625e+00
7.088996494046331698e+00 7.637107744164563172e+00
7.310104596024861401e+00 7.550754024458127489e+00
7.531212698003391104e+00 7.464707698263823410e+00
7.752320799981919919e+00 7.378972918358775779e+00
7.973428901960450510e+00 7.293553843337004849e+00
8.194537003938981101e+00 7.208454637122776454e+00
8.415645105917509028e+00 7.123679468474955812e+00
8.636753207896038731e+00 7.039232510482272609e+00
8.857861309874568434e+00 6.955117940049393432e+00
9.078969411853098137e+00 6.871339937373686091e+00
9.300077513831629616e+00 6.787902685412581683e+00
9.521185615810159319e+00 6.704810369341418053e+00
9.742293717788689023e+00 6.622067176001652733e+00
9.963401819767218726e+00 6.539677293339356545e+00
1.018450992174574843e+01 6.457644909833849312e+00
1.040561802372427813e+01 6.375974213916387967e+00
1.062672612570280606e+01 6.294669393378785394e+00
1.084783422768133576e+01 6.213734634771845400e+00
1.106894232965986546e+01 6.133174122793505489e+00
1.129005043163839694e+01 6.052992039666569291e+00
1.151115853361692665e+01 5.973192564505906077e+00
1.173226663559545635e+01 5.893779872675011688e+00
1.195337473757398605e+01 5.814758135131802952e+00
1.217448283955251398e+01 5.736131517763530141e+00
1.239559094153104546e+01 5.657904180710683129e+00
1.261669904350957516e+01 5.580080277679778433e+00
1.283780714548810487e+01 5.502663955244890381e+00
1.305891524746663457e+01 5.425659352137817137e+00
1.328002334944516605e+01 5.349070598526743936e+00
1.350113145142369397e+01 5.272901815283288940e+00
1.372223955340222545e+01 5.197157113237791393e+00
1.394334765538075338e+01 5.121840592422732819e+00
1.416445575735928308e+01 5.046956341304134064e+00
1.438556385933781101e+01 4.972508436000832255e+00
1.460667196131634427e+01 4.898500939491470696e+00
1.482778006329487219e+01 4.824937900809099567e+00
1.504888816527340190e+01 4.751823354223224882e+00
1.526999626725193338e+01 4.679161318409200021e+00
1.549110436923046130e+01 4.606955795604801729e+00
1.571221247120899278e+01 4.535210770753852039e+00
1.593332057318752071e+01 4.463930210636771534e+00
1.615442867516605219e+01 4.393118062987891648e+00
1.637553677714458189e+01 4.322778255599413200e+00
1.659664487912311159e+01 4.252914695411845081e+00
1.681775298110163774e+01 4.183531267590801406e+00
1.703886108308017100e+01 4.114631834589989268e+00
1.725996918505869715e+01 4.046220235200269855e+00
1.748107728703722685e+01 3.978300283584605079e+00
1.770218538901576011e+01 3.910875768298789801e+00
1.792329349099428981e+01 3.843950451297779125e+00
1.814440159297281951e+01 3.777528066927473560e+00
1.836550969495134567e+01 3.711612320901823026e+00
1.858661779692987892e+01 3.646206889265070750e+00
1.880772589890840862e+01 3.581315417339006046e+00
1.902883400088693833e+01 3.516941518655045229e+00
1.924994210286546803e+01 3.453088773871009209e+00
1.947105020484399773e+01 3.389760729672414818e+00
1.969215830682252388e+01 3.326960897658135519e+00
1.991326640880105359e+01 3.264692753210258314e+00
2.013437451077958684e+01 3.202959734347984977e+00
2.035548261275811655e+01 3.141765240565403516e+00
2.057659071473664625e+01 3.081112631652962452e+00
2.079769881671517595e+01 3.021005226502494256e+00
2.101880691869370565e+01 2.961446301895601430e+00
2.123991502067223536e+01 2.902439091275246685e+00
2.146102312265076506e+01 2.843986783500371818e+00
2.168213122462929121e+01 2.786092521583371173e+00
2.190323932660782802e+01 2.728759401410240315e+00
2.212434742858635062e+01 2.671990470443246668e+00
2.234545553056488387e+01 2.615788726405898323e+00
2.256656363254341358e+01 2.560157115950088436e+00
2.278767173452194328e+01 2.505098533305189612e+00
2.300877983650047298e+01 2.450615818908937538e+00
2.322988793847899913e+01 2.396711758019916427e+00
2.345099604045753239e+01 2.343389079311453127e+00
2.367210414243606209e+01 2.290650453446757329e+00
2.389321224441458824e+01 2.238498491635078302e+00
2.411432034639312150e+01 2.186935744168724938e+00
2.433542844837165475e+01 2.135964698940751916e+00
2.455653655035017735e+01 2.085587779943093079e+00
2.477764465232871416e+01 2.035807345744975017e+00
2.499875275430724386e+01 1.986625687951413699e+00
2.521986085628577001e+01 1.938045029641568551e+00
2.544096895826429972e+01 1.890067523786784554e+00
2.566207706024283297e+01 1.842695251648111876e+00
2.588318516222135912e+01 1.795930221153093864e+00
2.610429326419988882e+01 1.749774365251614228e+00
2.632540136617841497e+01 1.704229540250623787e+00
2.654650946815694823e+01 1.659297524127500534e+00
2.676761757013548149e+01 1.614980014821872034e+00
2.698872567211400408e+01 1.571278628505652364e+00
2.720983377409254089e+01 1.528194897831104182e+00
2.743094187607107060e+01 1.485730270156712995e+00
2.765204997804959675e+01 1.443886105750632254e+00
2.787315808002812645e+01 1.402663675971504542e+00
2.809426618200665970e+01 1.362064161426433495e+00
2.831537428398518585e+01 1.322088650105877949e+00
2.853648238596371556e+01 1.282738135495240295e+00
2.875759048794224171e+01 1.244013514662945186e+00
2.897869858992077852e+01 1.205915586324750377e+00
2.919980669189930822e+01 1.168445048884092730e+00
2.942091479387783082e+01 1.131602498448204042e+00
2.964202289585636763e+01 1.095388426819788652e+00
2.986313099783489733e+01 1.059803219464026336e+00
3.008423909981342348e+01 1.024847153450642034e+00
3.030534720179195318e+01 9.905203953708255904e-01
3.052645530377048644e+01 9.568229992287555774e-01
3.074756340574901259e+01 9.237549043074780863e-01
3.096867150772754229e+01 8.913159330088925580e-01
3.118977960970606844e+01 8.595057886676176206e-01
3.141088771168460525e+01 8.283240533384605975e-01
3.163199581366313495e+01 7.977701855572670864e-01
3.185310391564166110e+01 7.678435180748712785e-01
3.207421201762019081e+01 7.385432555639113161e-01
3.229532011959872762e+01 7.098684722982514517e-01
3.251642822157725021e+01 6.818181098047355615e-01
3.273753632355577992e+01 6.543909744870288758e-01
3.295864442553431672e+01 6.275857352212790286e-01
3.317975252751283932e+01 6.014009209233277531e-01
3.340086062949136902e+01 5.758349180872032180e-01
3.362196873146989873e+01 5.508859682946372072e-01
3.384307683344842843e+01 5.265521656953185969e-01
3.406418493542695813e+01 5.028314544576194534e-01
3.428529303740548784e+01 4.797216261895140832e-01
3.450640113938401754e+01 4.572203173294129286e-01
3.472750924136255435e+01 4.353250065066314733e-01
3.494861734334107695e+01 4.140330118712106100e-01
3.516972544531960665e+01 3.933414883928014194e-01
3.539083354729814346e+01 3.732474251283332545e-01
3.561194164927666606e+01 3.537476424581688650e-01
3.583304975125519576e+01 3.348387892904532981e-01
3.605415785323372546e+01 3.165173402333735786e-01
3.627526595521225516e+01 2.987795927350187508e-01
3.649637405719078487e+01 2.816216641905499585e-01
3.671748215916931457e+01 2.650394890163761952e-01
3.693859026114784427e+01 2.490288156910326900e-01
3.715969836312638108e+01 2.335852037624553679e-01
3.738080646510491079e+01 2.187040208213434367e-01
3.760191456708343338e+01 2.043804394402987945e-01
3.782302266906197019e+01 1.906094340784273145e-01
3.804413077104049279e+01 1.773857779510920607e-01
3.826523887301902249e+01 1.647040398644885884e-01
3.848634697499755219e+01 1.525585810147354338e-01
3.870745507697608190e+01 1.409435517511451741e-01
3.892856317895461160e+01 1.298528883033557291e-01
3.914967128093314130e+01 1.192803094719920021e-01
3.937077938291167101e+01 1.092193132825268337e-01
3.959188748489020782e+01 9.966317360200740993e-02
3.981299558686873752e+01 9.060493671831124085e-02
4.003410368884726012e+01 8.203741788159275850e-02
4.025521179082579692e+01 7.395319780757768358e-02
4.047631989280432663e+01 6.634461914236484958e-02
4.069742799478284923e+01 5.920378288838247516e-02
4.091853609676137893e+01 5.252254479115448654e-02
4.113964419873990863e+01 4.629251168652318005e-02
4.136075230071843833e+01 4.050503780797150288e-02
4.158186040269696804e+01 3.515122105368907734e-02
4.180296850467549774e+01 3.022189921302046930e-02
4.202407660665403455e+01 2.570764615193248462e-02
4.224518470863256425e+01 2.159876795713439740e-02
4.246629281061109396e+01 1.788529903848197836e-02
4.268740091258962366e+01 1.455699818929326664e-02
4.290850901456815336e+01 1.160334460420167808e-02
4.312961711654668306e+01 9.013533854168398127e-03
4.335072521852520566e+01 6.776473818273848725e-03
4.357183332050374247e+01 4.880780571903905671e-03
4.379294142248227217e+01 3.314774230946424677e-03
4.401404952446079477e+01 2.066474751605301870e-03
4.423515762643933158e+01 1.123597685442752087e-03
4.445626572841786128e+01 4.735498892531942220e-04
4.467737383039638388e+01 1.034251893692398190e-04
4.489848193237492069e+01 0.000000000000000000e+00
