6.734772289856237881e-01 9.060767221995462251e+01
6.780587067338254004e-01 8.476845813747085856e+01
6.826401844820267906e-01 7.942969448025824875e+01
6.872216622302284028e-01 7.454598456021108177e+01
6.918031399784299040e-01 7.007629257984389426e+01
6.963846177266315163e-01 6.598350080139206852e+01
7.009660954748329065e-01 6.223401412529909749e+01
7.055475732230345187e-01 5.879740674185966043e+01
7.101290509712360199e-01 5.564610614954058576e+01
7.147105287194374101e-01 5.275511038551606191e+01
7.192920064676390224e-01 5.010173479826815424e+01
7.238734842158406346e-01 4.766538511735964079e+01
7.284549619640421358e-01 4.542735394921160719e+01
7.330364397122435260e-01 4.337063815642406439e+01
7.376179174604451383e-01 4.147977486752192533e+01
7.421993952086467505e-01 3.974069411891066750e+01
7.467808729568480297e-01 3.814058635556444443e+01
7.513623507050496420e-01 3.666778321526862783e+01
7.559438284532512542e-01 3.531165019634634206e+01
7.605253062014527554e-01 3.406248996353913583e+01
7.651067839496541456e-01 3.291145518356832156e+01
7.696882616978557579e-01 3.185046990302224401e+01
7.742697394460573701e-01 3.087215858849116046e+01
7.788512171942588713e-01 2.996978204395402301e+01
7.834326949424602615e-01 2.913717950475816920e+01
7.880141726906618738e-01 2.836871628239037690e+01
7.925956504388634860e-01 2.765923640072809420e+01
7.971771281870648762e-01 2.700401972355965796e+01
8.017586059352663774e-01 2.639874312572911563e+01
8.063400836834679897e-01 2.583944530704901155e+01
8.109215614316696019e-01 2.532249488979449836e+01
8.155030391798708811e-01 2.484456147773266821e+01
8.200845169280724933e-01 2.440258938776148412e+01
8.246659946762741056e-01 2.399377379479115291e+01
8.292474724244756068e-01 2.361553905689375554e+01
8.338289501726769970e-01 2.326551901133189659e+01
8.384104279208786092e-01 2.294153905316278497e+01
8.429919056690802215e-01 2.264159982697864137e+01
8.475733834172817227e-01 2.236386237923172615e+01
8.521548611654831129e-01 2.210663463371865589e+01
8.567363389136846141e-01 2.186835906635582560e+01
8.613178166618862264e-01 2.164760146753554437e+01
8.658992944100878386e-01 2.144304069126210166e+01
8.704807721582892288e-01 2.125345930006152173e+01
8.750622499064908411e-01 2.107773502345805738e+01
8.796437276546923423e-01 2.091483295571930512e+01
8.842252054028939545e-01 2.076379842568472256e+01
8.888066831510952337e-01 2.062375047789300453e+01
8.933881608992968459e-01 2.049387590998616204e+01
8.979696386474984582e-01 2.037342381655949453e+01
8.979696386474984582e-01 2.037342381655949453e+01
1.119077740626028161e+00 2.022012612866629411e+01
1.340185842604557864e+00 2.007476790274913725e+01
1.561293944583087789e+00 1.992946688386706100e+01
1.782402046561617492e+00 1.978422638865435701e+01
2.003510148540147195e+00 1.963904977314478728e+01
2.224618250518676899e+00 1.949394043305600022e+01
2.445726352497206602e+00 1.934890180407512617e+01
2.666834454475736305e+00 1.920393736214557734e+01
2.887942556454266452e+00 1.905905062375505565e+01
3.109050658432796155e+00 1.891424514622474007e+01
3.330158760411325414e+00 1.876952452799968896e+01
3.551266862389855117e+00 1.862489240894042553e+01
3.772374964368384820e+00 1.848035247061571695e+01
3.993483066346915411e+00 1.833590843659654723e+01
4.214591168325444670e+00 1.819156407275128728e+01
4.435699270303974373e+00 1.804732318754203391e+01
4.656807372282504076e+00 1.790318963232216731e+01
4.877915474261033779e+00 1.775916730163506330e+01
5.099023576239564370e+00 1.761526013351400621e+01
5.320131678218093185e+00 1.747147210978328502e+01
5.541239780196623776e+00 1.732780725636045815e+01
5.762347882175152591e+00 1.718426964355981568e+01
5.983455984153682294e+00 1.704086338639698894e+01
6.204564086132211109e+00 1.689759264489475754e+01
6.425672188110742589e+00 1.675446162439002507e+01
6.646780290089271404e+00 1.661147457584195308e+01
6.867888392067801995e+00 1.646863579614126394e+01
7.088996494046331698e+00 1.632594962842072306e+01
7.310104596024861401e+00 1.618342046236676168e+01
7.531212698003391104e+00 1.604105273453226488e+01
7.752320799981919919e+00 1.589885092865052663e+01
7.973428901960450510e+00 1.575681957595034177e+01
8.194537003938981101e+00 1.561496325547225794e+01
8.415645105917509028e+00 1.547328659438597143e+01
8.636753207896038731e+00 1.533179426830885816e+01
8.857861309874568434e+00 1.519049100162566468e+01
9.078969411853098137e+00 1.504938156780930925e+01
9.300077513831629616e+00 1.490847078974283946e+01
9.521185615810159319e+00 1.476776354004251068e+01
9.742293717788689023e+00 1.462726474138197830e+01
9.963401819767218726e+00 1.448697936681763210e+01
1.018450992174574843e+01 1.434691244011503386e+01
1.040561802372427813e+01 1.420706903607647575e+01
1.062672612570280606e+01 1.406745428086964722e+01
1.084783422768133576e+01 1.392807335235739785e+01
1.106894232965986546e+01 1.378893148042861938e+01
1.129005043163839694e+01 1.365003394733020592e+01
1.151115853361692665e+01 1.351138608800011554e+01
1.173226663559545635e+01 1.337299329040151719e+01
1.195337473757398605e+01 1.323486099585801945e+01
1.217448283955251398e+01 1.309699469938997574e+01
1.239559094153104546e+01 1.295939995005185530e+01
1.261669904350957516e+01 1.282208235127069607e+01
1.283780714548810487e+01 1.268504756118560550e+01
1.305891524746663457e+01 1.254830129298832375e+01
1.328002334944516605e+01 1.241184931526483126e+01
1.350113145142369397e+01 1.227569745233800980e+01
1.372223955340222545e+01 1.213985158461133018e+01
1.394334765538075338e+01 1.200431764891359165e+01
1.416445575735928308e+01 1.186910163884465952e+01
1.438556385933781101e+01 1.173420960512225797e+01
1.460667196131634427e+01 1.159964765592973812e+01
1.482778006329487219e+01 1.146542195726490121e+01
1.504888816527340190e+01 1.133153873328976680e+01
1.526999626725193338e+01 1.119800426668138194e+01
1.549110436923046130e+01 1.106482489898360377e+01
1.571221247120899278e+01 1.093200703095983783e+01
1.593332057318752071e+01 1.079955712294679415e+01
1.615442867516605219e+01 1.066748169520916356e+01
1.637553677714458189e+01 1.053578732829529407e+01
1.659664487912311159e+01 1.040448066339378030e+01
1.681775298110163774e+01 1.027356840269102634e+01
1.703886108308017100e+01 1.014305730972971631e+01
1.725996918505869715e+01 1.001295420976824602e+01
1.748107728703722685e+01 9.883265990141033797e+00
1.770218538901576011e+01 9.753999600619769339e+00
1.792329349099428981e+01 9.625162053775564885e+00
1.814440159297281951e+01 9.496760425341975065e+00
1.836550969495134567e+01 9.368801854578931554e+00
1.858661779692987892e+01 9.241293544637526836e+00
1.880772589890840862e+01 9.114242762925693242e+00
1.902883400088693833e+01 8.987656841474704450e+00
1.924994210286546803e+01 8.861543177306554497e+00
1.947105020484399773e+01 8.735909232802159252e+00
1.969215830682252388e+01 8.610762536070390993e+00
1.991326640880105359e+01 8.486110681317926563e+00
2.013437451077958684e+01 8.361961329219910866e+00
2.035548261275811655e+01 8.238322207291417953e+00
2.057659071473664625e+01 8.115201110259686601e+00
2.079769881671517595e+01 7.992605900437149913e+00
2.101880691869370565e+01 7.870544508095219882e+00
2.123991502067223536e+01 7.749024931838833119e+00
2.146102312265076506e+01 7.628055238981735542e+00
2.168213122462929121e+01 7.507643565922505147e+00
2.190323932660782802e+01 7.387798118521279100e+00
2.212434742858635062e+01 7.268527172477230458e+00
2.234545553056488387e+01 7.149839073706681702e+00
2.256656363254341358e+01 7.031742238721963467e+00
2.278767173452194328e+01 6.914245155010908306e+00
2.300877983650047298e+01 6.797356381417016813e+00
2.322988793847899913e+01 6.681084548520275668e+00
2.345099604045753239e+01 6.565438359018594738e+00
2.367210414243606209e+01 6.450426588109901438e+00
2.389321224441458824e+01 6.336058083874798186e+00
2.411432034639312150e+01 6.222341767659838929e+00
2.433542844837165475e+01 6.109286634461405185e+00
2.455653655035017735e+01 5.996901753310113214e+00
2.477764465232871416e+01 5.885196267655788738e+00
2.499875275430724386e+01 5.774179395753008315e+00
2.521986085628577001e+01 5.663860431047120336e+00
2.544096895826429972e+01 5.554248742560802476e+00
2.566207706024283297e+01 5.445353775281119191e+00
2.588318516222135912e+01 5.337185050547052612e+00
2.610429326419988882e+01 5.229752166437480199e+00
2.632540136617841497e+01 5.123064798159640887e+00
2.654650946815694823e+01 5.017132698437992033e+00
2.676761757013548149e+01 4.911965697903529993e+00
2.698872567211400408e+01 4.807573705483467741e+00
2.720983377409254089e+01 4.703966708791318396e+00
2.743094187607107060e+01 4.601154774517365986e+00
2.765204997804959675e+01 4.499148048819447077e+00
2.787315808002812645e+01 4.397956757714094778e+00
2.809426618200665970e+01 4.297591207467998053e+00
2.831537428398518585e+01 4.198061784989760348e+00
2.853648238596371556e+01 4.099378958221916669e+00
2.875759048794224171e+01 4.001553276533254433e+00
2.897869858992077852e+01 3.904595371111339475e+00
2.919980669189930822e+01 3.808515955355308957e+00
2.942091479387783082e+01 3.713325825268834368e+00
2.964202289585636763e+01 3.619035859853288351e+00
2.986313099783489733e+01 3.525657021501100719e+00
3.008423909981342348e+01 3.433200356389229047e+00
3.030534720179195318e+01 3.341676994872778472e+00
3.052645530377048644e+01 3.251098151878736964e+00
3.074756340574901259e+01 3.161475127299794519e+00
3.096867150772754229e+01 3.072819306388213878e+00
3.118977960970606844e+01 2.985142160149783397e+00
3.141088771168460525e+01 2.898455245737762809e+00
3.163199581366313495e+01 2.812770206846868071e+00
3.185310391564166110e+01 2.728098774107207802e+00
3.207421201762019081e+01 2.644452765478194856e+00
3.229532011959872762e+01 2.561844086642414808e+00
3.251642822157725021e+01 2.480284731399379439e+00
3.273753632355577992e+01 2.399786782059192269e+00
3.295864442553431672e+01 2.320362409836090212e+00
3.317975252751283932e+01 2.242023875241826669e+00
3.340086062949136902e+01 2.164783528478863683e+00
3.362196873146989873e+01 2.088653809833394437e+00
3.384307683344842843e+01 2.013647250068117067e+00
3.406418493542695813e+01 1.939776470814770004e+00
3.428529303740548784e+01 1.867054184966390640e+00
3.450640113938401754e+01 1.795493197069276903e+00
3.472750924136255435e+01 1.725106403714623093e+00
3.494861734334107695e+01 1.655906793929806886e+00
3.516972544531960665e+01 1.587907449569293972e+00
3.539083354729814346e+01 1.521121545705152123e+00
3.561194164927666606e+01 1.455562351017129608e+00
3.583304975125519576e+01 1.391243228182264202e+00
3.605415785323372546e+01 1.328177634264033458e+00
3.627526595521225516e+01 1.266379121100973837e+00
3.649637405719078487e+01 1.205861335694767611e+00
3.671748215916931457e+01 1.146638020597760432e+00
3.693859026114784427e+01 1.088723014299882497e+00
3.715969836312638108e+01 1.032130251614943317e+00
3.738080646510491079e+01 9.768737640662717991e-01
3.760191456708343338e+01 9.229676802716726414e-01
3.782302266906197019e+01 8.704262263276606459e-01
3.804413077104049279e+01 8.192637261929676118e-01
3.826523887301902249e+01 7.694946020712456480e-01
3.848634697499755219e+01 7.211333747929898896e-01
3.870745507697608190e+01 6.741946641966061193e-01
3.892856317895461160e+01 6.286931895086133038e-01
3.914967128093314130e+01 5.846437697229429631e-01
3.937077938291167101e+01 5.420613239793025118e-01
3.959188748489020782e+01 5.009608719405707067e-01
3.981299558686873752e+01 4.613575341691914522e-01
4.003410368884726012e+01 4.232665325025327108e-01
4.025521179082579692e+01 3.867031904271718834e-01
4.047631989280432663e+01 3.516829334520882311e-01
4.069742799478284923e+01 3.182212894807027737e-01
4.091853609676137893e+01 2.863338891817515108e-01
4.113964419873990863e+01 2.560364663589520529e-01
4.136075230071843833e+01 2.273448583194180861e-01
4.158186040269696804e+01 2.002750062407958609e-01
4.180296850467549774e+01 1.748429555370809296e-01
4.202407660665403455e+01 1.510648562230787473e-01
4.224518470863256425e+01 1.289569632774720809e-01
4.246629281061109396e+01 1.085356370044566476e-01
4.268740091258962366e+01 8.981734339390666511e-02
4.290850901456815336e+01 7.281865448003124741e-02
4.312961711654668306e+01 5.755624869848306041e-02
4.335072521852520566e+01 4.404691124187906648e-02
4.357183332050374247e+01 3.230753441369041412e-02
4.379294142248227217e+01 2.235511798047114251e-02
4.401404952446079477e+01 1.420676952236758078e-02
4.423515762643933158e+01 7.879704781882058626e-03
4.445626572841786128e+01 3.391248010845415630e-03
4.467737383039638388e+01 7.588323155485746574e-04
4.489848193237492069e+01 0.000000000000000000e+00
