-4.749999999999999778e-01 9.154834087636046572e-03 1.367576395397905023e-04
-4.249999999999999889e-01 1.802247711401973318e-02 1.701150717520052231e-04
-3.750000000000000000e-01 2.517420850202482102e-02 1.911219964953520434e-04
-3.250000000000000111e-01 3.078448690548952690e-02 1.979927184063238208e-04
-2.750000000000000222e-01 3.579805645231054489e-02 2.368527743431372064e-04
-2.250000000000000056e-01 3.993632717676474930e-02 2.543266228173271483e-04
-1.749999999999999889e-01 4.286736387623849009e-02 2.549752705074162756e-04
-1.250000000000000000e-01 4.545818985240636378e-02 2.757458674753869164e-04
-7.499999999999999722e-02 4.725318492392752145e-02 2.860150173070780035e-04
-2.500000000000000139e-02 4.822294391410815451e-02 2.914978373906572948e-04
2.500000000000000139e-02 4.798668138066213701e-02 2.878943492078178462e-04
7.499999999999999722e-02 4.711481420090153638e-02 2.841285388862135669e-04
1.250000000000000000e-01 4.547744683783845610e-02 2.789168358318464274e-04
1.749999999999999889e-01 4.307403949980791874e-02 2.280676174872930246e-04
2.250000000000000056e-01 3.979701277340939175e-02 2.557771018596031640e-04
2.750000000000000222e-01 3.601955629541565146e-02 2.759888193133536670e-04
3.250000000000000111e-01 3.096272639136201169e-02 1.964365719550378300e-04
3.750000000000000000e-01 2.542931216841172806e-02 2.156077077321932824e-04
4.249999999999999889e-01 1.843880501033503747e-02 1.786826755975831616e-04
4.749999999999999778e-01 9.322535133026008461e-03 1.714257375550367452e-04
