-4.799999999999999822e-01 7.642196875165683384e-03 1.464286072872334279e-04
-4.400000000000000022e-01 1.454612677085824306e-02 1.330495399055114589e-04
-4.000000000000000222e-01 2.027123275099817351e-02 1.297543427081820553e-04
-3.599999999999999867e-01 2.494274831202871953e-02 1.777902091621386084e-04
-3.200000000000000067e-01 2.929587578352895946e-02 1.660535682015428546e-04
-2.800000000000000266e-01 3.284299463675938863e-02 1.873759418219619324e-04
-2.399999999999999911e-01 3.610498856804032763e-02 2.346526634568680734e-04
-2.000000000000000111e-01 3.919630819346064249e-02 2.389356112889159587e-04
-1.600000000000000033e-01 4.149899087706134665e-02 2.607295334961734707e-04
-1.199999999999999956e-01 4.295862176334257904e-02 2.610096468330823567e-04
-8.000000000000000167e-02 4.445418462617361371e-02 2.576305557968600448e-04
-4.000000000000000083e-02 4.525762131559299406e-02 2.815900122765615144e-04
0.000000000000000000e+00 4.563988549032763770e-02 2.685284713422704723e-04
4.000000000000000083e-02 4.527695397433979807e-02 2.435209783168257433e-04
8.000000000000000167e-02 4.444225221513619511e-02 2.373771519776254587e-04
1.199999999999999956e-01 4.323004272375770285e-02 2.431691582695404608e-04
1.600000000000000033e-01 4.131071427402208118e-02 2.050235668696226725e-04
2.000000000000000111e-01 3.896703831087890840e-02 2.180106866849552982e-04
2.399999999999999911e-01 3.603996438545063047e-02 2.137510497748669068e-04
2.800000000000000266e-01 3.292582325334274251e-02 2.336372766346079882e-04
3.200000000000000067e-01 2.922241782211707981e-02 1.786935127114249160e-04
3.599999999999999867e-01 2.498760122823196622e-02 2.255312387227191161e-04
4.000000000000000222e-01 1.995596108636334826e-02 1.713737297208209331e-04
4.400000000000000022e-01 1.459955820662287886e-02 1.603053490360185299e-04
4.799999999999999822e-01 7.500149897400830955e-03 1.417541758638131075e-04
