-4.833333333333333370e-01 6.696444046424856328e-03 1.504341450637296273e-04
-4.500000000000000111e-01 1.256213860946664256e-02 1.628166591891118593e-04
-4.166666666666666852e-01 1.718725878968677817e-02 1.482453906867490937e-04
-3.833333333333333592e-01 2.144989810371487199e-02 1.502250465526776800e-04
-3.499999999999999778e-01 2.531923528570835177e-02 1.916313102464339531e-04
-3.166666666666666519e-01 2.866753096604424469e-02 1.746923937962573223e-04
-2.833333333333333259e-01 3.210167136357988671e-02 1.930427294708183443e-04
-2.500000000000000000e-01 3.494743751497224327e-02 2.090213206116963340e-04
-2.166666666666666741e-01 3.770984610813683802e-02 2.411678649475402169e-04
-1.833333333333333204e-01 3.980415133925524485e-02 2.350987250240986102e-04
-1.499999999999999944e-01 4.190585517096782203e-02 2.119697523368700243e-04
-1.166666666666666685e-01 4.330350443773588187e-02 2.021977323707280433e-04
-8.333333333333332871e-02 4.445313074868206815e-02 2.287009836679107185e-04
-5.000000000000000278e-02 4.502955686260696339e-02 2.401438357965276441e-04
-1.666666666666666644e-02 4.536473379046464943e-02 2.626583073997102108e-04
1.666666666666666644e-02 4.549519352132799094e-02 2.219456261894574680e-04
5.000000000000000278e-02 4.509080627806591468e-02 2.267203543144793380e-04
8.333333333333332871e-02 4.439596900727030976e-02 2.449562704264734818e-04
1.166666666666666685e-01 4.325080034633464049e-02 2.496134621317160703e-04
1.499999999999999944e-01 4.182741884373461505e-02 2.260110148209890828e-04
1.833333333333333204e-01 3.977672220985423168e-02 2.711921521376787179e-04
2.166666666666666741e-01 3.760462479847195838e-02 2.493849057674240189e-04
2.500000000000000000e-01 3.505531580009064313e-02 2.017645892574348131e-04
2.833333333333333259e-01 3.210394718514267970e-02 2.332074161293294862e-04
3.166666666666666519e-01 2.908769256586767049e-02 1.924227704670675415e-04
3.499999999999999778e-01 2.529789290267699803e-02 1.768181516607607187e-04
3.833333333333333592e-01 2.157932549509335510e-02 1.612154394539167858e-04
4.166666666666666852e-01 1.713612586299012239e-02 1.480464281473528425e-04
4.500000000000000111e-01 1.248469296999004004e-02 1.215484005153556312e-04
4.833333333333333370e-01 6.631942604465547106e-03 1.141967666760593242e-04
