-4.874999999999999889e-01 5.005126481987996756e-03 9.743288433072207937e-05
-4.625000000000000222e-01 9.203041429524261990e-03 1.051844528048268923e-04
-4.375000000000000000e-01 1.237022289965567477e-02 1.261172064800797777e-04
-4.124999999999999778e-01 1.555211022696424174e-02 1.461192552361261269e-04
-3.875000000000000111e-01 1.843477542725657434e-02 1.306819549569495406e-04
-3.624999999999999889e-01 2.155012077830629688e-02 1.391316044333215836e-04
-3.375000000000000222e-01 2.438912181738626603e-02 1.324019591493520460e-04
-3.125000000000000000e-01 2.685550587035679185e-02 1.399692390769798533e-04
-2.874999999999999778e-01 2.927892020211465482e-02 1.563014454226623973e-04
-2.625000000000000111e-01 3.139754672596584834e-02 1.744408129272843975e-04
-2.374999999999999889e-01 3.355133595582561468e-02 1.893849502534814943e-04
-2.124999999999999944e-01 3.530154176959176410e-02 1.827549686651586429e-04
-1.875000000000000000e-01 3.714177066669246963e-02 1.877975238629978126e-04
-1.625000000000000056e-01 3.851679236644766496e-02 1.953722824177087113e-04
-1.375000000000000111e-01 3.953138692430764600e-02 2.378341866748344717e-04
-1.125000000000000028e-01 4.066587731957019280e-02 2.293957439373429572e-04
-8.749999999999999445e-02 4.142833620311801163e-02 1.951558810671544263e-04
-6.250000000000000000e-02 4.207846920150187103e-02 2.043492184791286057e-04
-3.749999999999999861e-02 4.256559833513822583e-02 1.859704798674068071e-04
-1.250000000000000069e-02 4.265325101238016253e-02 2.423343343941430461e-04
1.250000000000000069e-02 4.281907360036175253e-02 2.131898217174687756e-04
3.749999999999999861e-02 4.275722056350029360e-02 2.182689768901732784e-04
6.250000000000000000e-02 4.205453408992736869e-02 2.310741452840600683e-04
8.749999999999999445e-02 4.161361911743311631e-02 2.085193369893433588e-04
1.125000000000000028e-01 4.092063997195750230e-02 2.073845074428665538e-04
1.375000000000000111e-01 3.950232390765170964e-02 1.997663340090142787e-04
1.625000000000000056e-01 3.848583511463896795e-02 2.298608843484183865e-04
1.875000000000000000e-01 3.688590631591847496e-02 1.755460852341155311e-04
2.124999999999999944e-01 3.505615031769508672e-02 1.668322558304458352e-04
2.374999999999999889e-01 3.321941333066870394e-02 1.804438460906935399e-04
2.625000000000000111e-01 3.139327796611887655e-02 1.754226862871869123e-04
2.874999999999999778e-01 2.904073595974752606e-02 1.653640082661589274e-04
3.125000000000000000e-01 2.655755578868962061e-02 1.591089292302755526e-04
3.375000000000000222e-01 2.396440016162357939e-02 1.545702548671062937e-04
3.624999999999999889e-01 2.123917174486666601e-02 1.280831741004351862e-04
3.875000000000000111e-01 1.831386337833610864e-02 1.257445164467766005e-04
4.124999999999999778e-01 1.564225614435096195e-02 1.726457463401627381e-04
4.375000000000000000e-01 1.230296736772634909e-02 1.204998448924416804e-04
4.625000000000000222e-01 8.886400554550944256e-03 1.006630295632961419e-04
4.874999999999999889e-01 4.977384594620499168e-03 9.505769645601366380e-05
