-4.857142857142857095e-01 5.381438092301096127e-03 1.166061381147988959e-04
-4.571428571428571286e-01 1.019906790793096395e-02 1.456205844438633731e-04
-4.285714285714285476e-01 1.395343002491978776e-02 1.362647220175340125e-04
-4.000000000000000222e-01 1.754479368828525121e-02 1.442004619749544204e-04
-3.714285714285714413e-01 2.093381956940045321e-02 1.736007947545183182e-04
-3.428571428571428603e-01 2.395940812032845701e-02 1.698848606315636297e-04
-3.142857142857142794e-01 2.668595220381054026e-02 1.800090618330704197e-04
-2.857142857142856984e-01 2.964716318902064010e-02 1.989158293052146987e-04
-2.571428571428571175e-01 3.177760717836012466e-02 1.796732441572294675e-04
-2.285714285714285643e-01 3.427273933614480295e-02 1.861131497707348614e-04
-2.000000000000000111e-01 3.617953482438249213e-02 2.007142905993882518e-04
-1.714285714285714302e-01 3.806828786530841446e-02 2.148859156428607135e-04
-1.428571428571428492e-01 3.957534233262656465e-02 1.916909011010188644e-04
-1.142857142857142821e-01 4.074200135966839220e-02 2.149158189221384192e-04
-8.571428571428571508e-02 4.175678440647107720e-02 2.474864878627902002e-04
-5.714285714285714107e-02 4.241110463609754078e-02 2.270122531553080917e-04
-2.857142857142857054e-02 4.303293348634452953e-02 2.586810023881214648e-04
0.000000000000000000e+00 4.341525723082570454e-02 2.352850037772325766e-04
2.857142857142857054e-02 4.306489498379579423e-02 2.766375200620290733e-04
5.714285714285714107e-02 4.267735343600233960e-02 2.895506100261063072e-04
8.571428571428571508e-02 4.209762197642288178e-02 2.346517260429318034e-04
1.142857142857142821e-01 4.121772811755689686e-02 2.261796174891299955e-04
1.428571428571428492e-01 3.969368887905411203e-02 2.090174293464369107e-04
1.714285714285714302e-01 3.848662361005238813e-02 2.048218912628240102e-04
2.000000000000000111e-01 3.660412999228659925e-02 2.185647752843128530e-04
2.285714285714285643e-01 3.455417137047873954e-02 2.064205552555567762e-04
2.571428571428571175e-01 3.236346964754304584e-02 1.973350416942069049e-04
2.857142857142856984e-01 2.956749152157867738e-02 1.858595162825051072e-04
3.142857142857142794e-01 2.694027701978345124e-02 1.799519141306263911e-04
3.428571428571428603e-01 2.371215268080285529e-02 1.708827723527659391e-04
3.714285714285714413e-01 2.064207089903784265e-02 1.488272550727439900e-04
4.000000000000000222e-01 1.737546789988731605e-02 1.651693174374486994e-04
4.285714285714285476e-01 1.409970835877421245e-02 1.374780811687432362e-04
4.571428571428571286e-01 1.030807221929780707e-02 1.296721442707996267e-04
4.857142857142857095e-01 5.652429514783429906e-03 1.152700949094288125e-04
