       0.1206E-01       0.6664E-02       0.3580E-03       0.1303E-04       0.1640E-01       0.1406E-01       0.3943E-02
       0.2591E-01       0.1451E-01       0.5390E-03       0.5828E-03       0.2953E-01       0.1926E-01       0.6167E-02
       0.3448E-01       0.1925E-01       0.5717E-03       0.2272E-02       0.3505E-01       0.2104E-01       0.6049E-02
       0.3827E-01       0.2160E-01       0.6416E-03       0.5169E-02       0.3701E-01       0.2190E-01       0.4998E-02
       0.3909E-01       0.2305E-01       0.7161E-03       0.8990E-02       0.3759E-01       0.2239E-01       0.3787E-02
       0.3815E-01       0.2406E-01       0.8209E-03       0.1329E-01       0.3767E-01       0.2265E-01       0.2714E-02
       0.3605E-01       0.2477E-01       0.9149E-03       0.1761E-01       0.3743E-01       0.2253E-01       0.1836E-02
       0.3361E-01       0.2566E-01       0.1014E-02       0.2155E-01       0.3690E-01       0.2248E-01       0.1234E-02
       0.3097E-01       0.2650E-01       0.1104E-02       0.2512E-01       0.3631E-01       0.2246E-01       0.8423E-03
       0.2845E-01       0.2731E-01       0.1128E-02       0.2808E-01       0.3550E-01       0.2246E-01       0.5931E-03
       0.2619E-01       0.2782E-01       0.1167E-02       0.3050E-01       0.3458E-01       0.2238E-01       0.4186E-03
       0.2431E-01       0.2806E-01       0.1185E-02       0.3229E-01       0.3403E-01       0.2240E-01       0.3061E-03
       0.2277E-01       0.2842E-01       0.1237E-02       0.3369E-01       0.3346E-01       0.2244E-01       0.2350E-03
       0.2149E-01       0.2887E-01       0.1301E-02       0.3459E-01       0.3280E-01       0.2236E-01       0.2047E-03
       0.2038E-01       0.2908E-01       0.1351E-02       0.3531E-01       0.3244E-01       0.2246E-01       0.1812E-03
       0.1964E-01       0.2921E-01       0.1393E-02       0.3573E-01       0.3178E-01       0.2241E-01       0.1711E-03
       0.1903E-01       0.2938E-01       0.1386E-02       0.3592E-01       0.3147E-01       0.2244E-01       0.1680E-03
       0.1871E-01       0.2962E-01       0.1392E-02       0.3619E-01       0.3138E-01       0.2241E-01       0.1670E-03
       0.1852E-01       0.2993E-01       0.1404E-02       0.3645E-01       0.3133E-01       0.2245E-01       0.1954E-03
       0.1842E-01       0.3033E-01       0.1406E-02       0.3661E-01       0.3123E-01       0.2262E-01       0.2079E-03
       0.1844E-01       0.3041E-01       0.1402E-02       0.3659E-01       0.3095E-01       0.2262E-01       0.2319E-03
       0.1833E-01       0.3032E-01       0.1357E-02       0.3670E-01       0.3071E-01       0.2255E-01       0.2301E-03
       0.1820E-01       0.3030E-01       0.1312E-02       0.3669E-01       0.3060E-01       0.2254E-01       0.2514E-03
       0.1815E-01       0.3026E-01       0.1284E-02       0.3672E-01       0.3053E-01       0.2264E-01       0.2418E-03
       0.1821E-01       0.3014E-01       0.1266E-02       0.3668E-01       0.3048E-01       0.2267E-01       0.2266E-03
       0.1811E-01       0.3004E-01       0.1289E-02       0.3664E-01       0.3039E-01       0.2270E-01       0.2413E-03
       0.1821E-01       0.3011E-01       0.1319E-02       0.3671E-01       0.3031E-01       0.2279E-01       0.2486E-03
       0.1835E-01       0.3002E-01       0.1341E-02       0.3673E-01       0.3016E-01       0.2283E-01       0.2519E-03
       0.1862E-01       0.2999E-01       0.1365E-02       0.3685E-01       0.3022E-01       0.2292E-01       0.2535E-03
       0.1866E-01       0.2994E-01       0.1379E-02       0.3690E-01       0.3027E-01       0.2290E-01       0.2570E-03
       0.1876E-01       0.3000E-01       0.1407E-02       0.3671E-01       0.3019E-01       0.2301E-01       0.2696E-03
       0.1871E-01       0.3000E-01       0.1417E-02       0.3659E-01       0.3029E-01       0.2306E-01       0.2857E-03
       0.1871E-01       0.3004E-01       0.1414E-02       0.3654E-01       0.3037E-01       0.2323E-01       0.2969E-03
       0.1872E-01       0.3002E-01       0.1413E-02       0.3636E-01       0.3056E-01       0.2335E-01       0.3101E-03
       0.1877E-01       0.3014E-01       0.1405E-02       0.3629E-01       0.3045E-01       0.2325E-01       0.3184E-03
       0.1867E-01       0.3017E-01       0.1395E-02       0.3640E-01       0.3022E-01       0.2320E-01       0.2952E-03
       0.1846E-01       0.3035E-01       0.1380E-02       0.3661E-01       0.3011E-01       0.2318E-01       0.2758E-03
       0.1836E-01       0.3059E-01       0.1377E-02       0.3654E-01       0.2999E-01       0.2316E-01       0.2656E-03
       0.1831E-01       0.3048E-01       0.1422E-02       0.3642E-01       0.2987E-01       0.2317E-01       0.2799E-03
       0.1815E-01       0.3019E-01       0.1450E-02       0.3640E-01       0.2989E-01       0.2315E-01       0.2798E-03
       0.1806E-01       0.2988E-01       0.1485E-02       0.3637E-01       0.2990E-01       0.2311E-01       0.2968E-03
       0.1791E-01       0.2949E-01       0.1469E-02       0.3640E-01       0.2998E-01       0.2300E-01       0.3079E-03
       0.1780E-01       0.2927E-01       0.1506E-02       0.3644E-01       0.2989E-01       0.2290E-01       0.3006E-03
       0.1777E-01       0.2933E-01       0.1534E-02       0.3624E-01       0.2976E-01       0.2287E-01       0.3094E-03
       0.1766E-01       0.2929E-01       0.1563E-02       0.3615E-01       0.2967E-01       0.2301E-01       0.3273E-03
       0.1747E-01       0.2916E-01       0.1590E-02       0.3612E-01       0.2964E-01       0.2304E-01       0.3693E-03
       0.1732E-01       0.2919E-01       0.1582E-02       0.3617E-01       0.2949E-01       0.2294E-01       0.3915E-03
       0.1733E-01       0.2917E-01       0.1558E-02       0.3608E-01       0.2953E-01       0.2291E-01       0.3846E-03
       0.1732E-01       0.2918E-01       0.1536E-02       0.3607E-01       0.2961E-01       0.2282E-01       0.4307E-03
       0.1723E-01       0.2907E-01       0.1510E-02       0.3588E-01       0.2975E-01       0.2289E-01       0.4706E-03
