      -0.1098E+00      -0.8161E-01      -0.1890E-01       0.3522E-02      -0.1280E+00      -0.1186E+00      -0.6278E-01
      -0.1609E+00      -0.1204E+00      -0.2316E-01       0.2411E-01      -0.1718E+00      -0.1388E+00      -0.7851E-01
      -0.1857E+00      -0.1387E+00      -0.2379E-01       0.4763E-01      -0.1872E+00      -0.1450E+00      -0.7772E-01
      -0.1956E+00      -0.1469E+00      -0.2513E-01       0.7186E-01      -0.1924E+00      -0.1479E+00      -0.7060E-01
      -0.1977E+00      -0.1518E+00      -0.2647E-01       0.9478E-01      -0.1939E+00      -0.1495E+00      -0.6137E-01
      -0.1953E+00      -0.1551E+00      -0.2826E-01       0.1152E+00      -0.1941E+00      -0.1504E+00      -0.5187E-01
      -0.1898E+00      -0.1573E+00      -0.2970E-01       0.1326E+00      -0.1934E+00      -0.1500E+00      -0.4266E-01
      -0.1833E+00      -0.1601E+00      -0.3117E-01       0.1467E+00      -0.1920E+00      -0.1498E+00      -0.3485E-01
      -0.1759E+00      -0.1627E+00      -0.3238E-01       0.1584E+00      -0.1905E+00      -0.1497E+00      -0.2856E-01
      -0.1686E+00      -0.1652E+00      -0.3264E-01       0.1675E+00      -0.1884E+00      -0.1497E+00      -0.2362E-01
      -0.1617E+00      -0.1667E+00      -0.3326E-01       0.1746E+00      -0.1859E+00      -0.1493E+00      -0.1923E-01
      -0.1557E+00      -0.1674E+00      -0.3343E-01       0.1796E+00      -0.1844E+00      -0.1494E+00      -0.1551E-01
      -0.1507E+00      -0.1685E+00      -0.3399E-01       0.1834E+00      -0.1829E+00      -0.1495E+00      -0.1191E-01
      -0.1463E+00      -0.1698E+00      -0.3471E-01       0.1859E+00      -0.1810E+00      -0.1492E+00      -0.9351E-02
      -0.1425E+00      -0.1704E+00      -0.3521E-01       0.1878E+00      -0.1800E+00      -0.1495E+00      -0.7248E-02
      -0.1398E+00      -0.1708E+00      -0.3573E-01       0.1889E+00      -0.1782E+00      -0.1493E+00      -0.6071E-02
      -0.1376E+00      -0.1713E+00      -0.3543E-01       0.1894E+00      -0.1773E+00      -0.1494E+00      -0.5292E-02
      -0.1365E+00      -0.1719E+00      -0.3528E-01       0.1901E+00      -0.1770E+00      -0.1493E+00      -0.4904E-02
      -0.1358E+00      -0.1729E+00      -0.3533E-01       0.1907E+00      -0.1768E+00      -0.1494E+00      -0.5450E-02
      -0.1354E+00      -0.1740E+00      -0.3531E-01       0.1912E+00      -0.1765E+00      -0.1499E+00      -0.5712E-02
      -0.1355E+00      -0.1742E+00      -0.3530E-01       0.1911E+00      -0.1757E+00      -0.1498E+00      -0.5686E-02
      -0.1351E+00      -0.1740E+00      -0.3483E-01       0.1914E+00      -0.1751E+00      -0.1495E+00      -0.5104E-02
      -0.1346E+00      -0.1739E+00      -0.3408E-01       0.1914E+00      -0.1747E+00      -0.1495E+00      -0.4970E-02
      -0.1344E+00      -0.1738E+00      -0.3333E-01       0.1914E+00      -0.1744E+00      -0.1498E+00      -0.4719E-02
      -0.1346E+00      -0.1735E+00      -0.3292E-01       0.1913E+00      -0.1742E+00      -0.1499E+00      -0.4036E-02
      -0.1342E+00      -0.1732E+00      -0.3318E-01       0.1912E+00      -0.1739E+00      -0.1500E+00      -0.3376E-02
      -0.1346E+00      -0.1734E+00      -0.3357E-01       0.1914E+00      -0.1737E+00      -0.1504E+00      -0.2978E-02
      -0.1351E+00      -0.1731E+00      -0.3376E-01       0.1915E+00      -0.1733E+00      -0.1504E+00      -0.2683E-02
      -0.1360E+00      -0.1730E+00      -0.3417E-01       0.1918E+00      -0.1735E+00      -0.1507E+00      -0.2866E-02
      -0.1361E+00      -0.1729E+00      -0.3450E-01       0.1919E+00      -0.1737E+00      -0.1507E+00      -0.2528E-02
      -0.1364E+00      -0.1730E+00      -0.3501E-01       0.1914E+00      -0.1734E+00      -0.1510E+00      -0.2829E-02
      -0.1362E+00      -0.1730E+00      -0.3533E-01       0.1911E+00      -0.1737E+00      -0.1511E+00      -0.2602E-02
      -0.1361E+00      -0.1731E+00      -0.3545E-01       0.1910E+00      -0.1740E+00      -0.1516E+00      -0.2362E-02
      -0.1360E+00      -0.1731E+00      -0.3546E-01       0.1905E+00      -0.1745E+00      -0.1519E+00      -0.2340E-02
      -0.1361E+00      -0.1734E+00      -0.3535E-01       0.1903E+00      -0.1741E+00      -0.1516E+00      -0.1578E-02
      -0.1357E+00      -0.1735E+00      -0.3519E-01       0.1906E+00      -0.1735E+00      -0.1515E+00      -0.4588E-03
      -0.1350E+00      -0.1740E+00      -0.3494E-01       0.1912E+00      -0.1731E+00      -0.1514E+00       0.8076E-03
      -0.1346E+00      -0.1746E+00      -0.3487E-01       0.1910E+00      -0.1727E+00      -0.1513E+00       0.1942E-02
      -0.1343E+00      -0.1743E+00      -0.3545E-01       0.1907E+00      -0.1724E+00      -0.1514E+00       0.3401E-02
      -0.1337E+00      -0.1735E+00      -0.3562E-01       0.1907E+00      -0.1724E+00      -0.1512E+00       0.4458E-02
      -0.1333E+00      -0.1725E+00      -0.3605E-01       0.1906E+00      -0.1725E+00      -0.1511E+00       0.4498E-02
      -0.1327E+00      -0.1714E+00      -0.3599E-01       0.1907E+00      -0.1727E+00      -0.1507E+00       0.4462E-02
      -0.1323E+00      -0.1707E+00      -0.3659E-01       0.1908E+00      -0.1724E+00      -0.1504E+00       0.4665E-02
      -0.1322E+00      -0.1708E+00      -0.3695E-01       0.1903E+00      -0.1720E+00      -0.1503E+00       0.4803E-02
      -0.1319E+00      -0.1707E+00      -0.3718E-01       0.1900E+00      -0.1718E+00      -0.1507E+00       0.4793E-02
      -0.1312E+00      -0.1704E+00      -0.3752E-01       0.1899E+00      -0.1718E+00      -0.1508E+00       0.5108E-02
      -0.1306E+00      -0.1705E+00      -0.3729E-01       0.1901E+00      -0.1713E+00      -0.1505E+00       0.5079E-02
      -0.1307E+00      -0.1704E+00      -0.3683E-01       0.1898E+00      -0.1714E+00      -0.1502E+00       0.5377E-02
      -0.1306E+00      -0.1705E+00      -0.3632E-01       0.1898E+00      -0.1716E+00      -0.1499E+00       0.5529E-02
      -0.1303E+00      -0.1701E+00      -0.3596E-01       0.1893E+00      -0.1720E+00      -0.1501E+00       0.4872E-02
