0.0 -9.139459971365223 
0.06346651825433926 -9.15486100213655 
0.12693303650867852 -9.170839318650339 
0.1903995547630178 -9.187265284906985 
0.25386607301735703 -9.20399007140457 
0.3173325912716963 -9.220847710386648 
0.3807991095260356 -9.237657439638673 
0.4442656277803748 -9.254226290691733 
0.5077321460347141 -9.270351875387556 
0.5711986642890533 -9.285825324009956 
0.6346651825433925 -9.300434328458405 
0.6981317007977318 -9.31396624506564 
0.7615982190520711 -9.32621121346459 
0.8250647373064104 -9.336965250208733 
0.8885312555607496 -9.346033278468092 
0.9519977738150889 -9.353232057898966 
1.0154642920694281 -9.358392981577285 
1.0789308103237674 -9.361364709576087 
1.1423973285781066 -9.36201561126678 
1.2058638468324459 -9.360235990670335 
1.269330365086785 -9.355940071146202 
1.3327968833411243 -9.349067717381585 
1.3962634015954636 -9.339585874058047 
1.4597299198498028 -9.327489701782886 
1.5231964381041423 -9.31280339196196 
1.5866629563584815 -9.295580643369659 
1.6501294746128208 -9.275904784373795 
1.71359599286716 -9.253888526253794 
1.7770625111214993 -9.229673334978237 
1.8405290293758385 -9.203428411359566 
1.9039955476301778 -9.175349272851681 
1.967462065884517 -9.145655934555188 
2.0309285841388562 -9.114590692366566 
2.0943951023931957 -9.082415517720326 
2.1578616206475347 -9.049409081025471 
2.221328138901874 -9.01586342959905 
2.284794657156213 -8.982080355457635 
2.3482611754105527 -8.9483674984408 
2.4117276936648917 -8.915034240399885 
2.475194211919231 -8.882387456087505 
2.53866073017357 -8.85072719535695 
2.6021272484279097 -8.820342378721687 
2.6655937666822487 -8.791506593645543 
2.729060284936588 -8.764474081611016 
2.792526803190927 -8.739476005643443 
2.8559933214452666 -8.71671708431246 
2.9194598396996057 -8.696372671247628 
2.982926357953945 -8.678586349064227 
3.0463928762082846 -8.663468093679736 
3.1098593944626236 -8.651093049878899 
3.173325912716963 -8.641500942365356 
3.236792430971302 -8.634696129217392 
3.3002589492256416 -8.630648287463679 
3.3637254674799806 -8.629293704192682 
3.42719198573432 -8.630537131889838 
3.490658503988659 -8.634254154104905 
3.5541250222429985 -8.64029399746441 
3.6175915404973376 -8.64848271866065 
3.681058058751677 -8.6586266903961 
3.744524577006016 -8.670516308214822 
3.8079910952603555 -8.6839298404618 
3.8714576135146945 -8.698637345939503 
3.934924131769034 -8.714404587788554 
3.998390650023373 -8.730996877298828 
4.0618571682777125 -8.748182787362577 
4.1253236865320515 -8.765737681752132 
4.188790204786391 -8.783447013033081 
4.25225672304073 -8.801109348463426 
4.3157232412950695 -8.818539089500863 
4.3791897595494085 -8.835568856429017 
4.442656277803748 -8.852051515066407 
4.506122796058087 -8.867861827538118 
4.569589314312426 -8.882897713713465 
4.6330558325667655 -8.897081114220864 
4.696522350821105 -8.910358450043411 
4.759988869075444 -8.922700677688411 
4.823455387329783 -8.934102942924433 
4.886921905584122 -8.944583840195882 
4.950388423838462 -8.954184289143289 
5.013854942092801 -8.962966044236351 
5.07732146034714 -8.971009858389035 
5.14078797860148 -8.978413326552875 
5.204254496855819 -8.985288440611706 
5.267721015110158 -8.991758892316728 
5.331187533364497 -8.99795716634846 
5.394654051618837 -9.00402147067625 
5.458120569873176 -9.010092555980913 
5.521587088127515 -9.016310479769558 
5.585053606381854 -9.022811373701408 
5.648520124636194 -9.029724274333864 
5.711986642890533 -9.0371680778 
5.775453161144872 -9.04524867770608 
5.838919679399211 -9.054056342721744 
5.902386197653551 -9.06366338593516 
5.96585271590789 -9.074122172151093 
6.029319234162229 -9.085463502091338 
6.092785752416569 -9.09769540415478 
6.156252270670908 -9.11080235530571 
6.219718788925247 -9.124744943118468 
6.283185307179586 -9.139459971365222 
0.0 -8.161102129513504 
0.06346651825433926 -8.178413428989067 
0.12693303650867852 -8.196328227833263 
0.1903995547630178 -8.214697986498658 
0.25386607301735703 -8.233353569357654 
0.3173325912716963 -8.252107605295881 
0.3807991095260356 -8.270757142706126 
0.4442656277803748 -8.289086548515868 
0.5077321460347141 -8.30687059991779 
0.5711986642890533 -8.323877717776915 
0.6346651825433925 -8.339873292056694 
0.6981317007977318 -8.354623051814139 
0.7615982190520711 -8.367896435128989 
0.8250647373064104 -8.37946991752787 
0.8885312555607496 -8.389130260831134 
0.9519977738150889 -8.396677647700756 
1.0154642920694281 -8.401928670343775 
1.0789308103237674 -8.404719144700016 
1.1423973285781066 -8.404906723920629 
1.2058638468324459 -8.402373286964611 
1.269330365086785 -8.397027079675825 
1.3327968833411243 -8.38880458675985 
1.3962634015954636 -8.37767211369843 
1.4597299198498028 -8.363627057895146 
1.5231964381041423 -8.346698848351181 
1.5866629563584815 -8.326949533073893 
1.6501294746128208 -8.304473993409673 
1.71359599286716 -8.279399764788373 
1.7770625111214993 -8.251886444221594 
1.8405290293758385 -8.222124666586147 
1.9039955476301778 -8.190334634528813 
1.967462065884517 -8.156764191019418 
2.0309285841388562 -8.12168642938861 
2.0943951023931957 -8.085396843278307 
2.1578616206475347 -8.048210028369112 
2.221328138901874 -8.010455958957776 
2.284794657156213 -7.972475875204903 
2.3482611754105527 -7.93461783074505 
2.4117276936648917 -7.897231964754074 
2.475194211919231 -7.860665576744948 
2.53866073017357 -7.825258095434253 
2.6021272484279097 -7.791336044047184 
2.6655937666822487 -7.7592081124879355 
2.729060284936588 -7.729160451080196 
2.792526803190927 -7.701452300460034 
2.8559933214452666 -7.676312067332098 
2.9194598396996057 -7.653933946154522 
2.982926357953945 -7.634475172716923 
3.0463928762082846 -7.618053977666075 
3.1098593944626236 -7.604748287239616 
3.173325912716963 -7.5945951959106885 
3.236792430971302 -7.587591212544604 
3.3002589492256416 -7.583693259232263 
3.3637254674799806 -7.582820381296047 
3.42719198573432 -7.5848561089722395 
3.490658503988659 -7.589651396622864 
3.5541250222429985 -7.597028054406099 
3.6175915404973376 -7.606782580251594 
3.681058058751677 -7.61869029661012 
3.744524577006016 -7.632509696437959 
3.8079910952603555 -7.647986905749068 
3.8714576135146945 -7.664860175247278 
3.934924131769034 -7.682864320428264 
3.998390650023373 -7.701735037523924 
4.0618571682777125 -7.7212130312103024 
4.1253236865320515 -7.74104789865431 
4.188790204786391 -7.761001722869079 
4.25225672304073 -7.780852336218116 
4.3157232412950695 -7.800396222088221 
4.3791897595494085 -7.8194510291640045 
4.442656277803748 -7.8378576783856335 
4.506122796058087 -7.85548204762274 
4.569589314312426 -7.872216223468884 
4.6330558325667655 -7.887979313504967 
4.696522350821105 -7.902717816069511 
4.759988869075444 -7.916405548189765 
4.823455387329783 -7.929043136043747 
4.886921905584122 -7.940657076294998 
4.950388423838462 -7.951298380993562 
5.013854942092801 -7.961040823550491 
5.07732146034714 -7.969978808599989 
5.14078797860148 -7.978224894334742 
5.204254496855819 -7.98590700204323 
5.267721015110158 -7.993165353936142 
5.331187533364497 -8.000149186703805 
5.394654051618837 -8.00701329432764 
5.458120569873176 -8.013914459168252 
5.521587088127515 -8.021007834944436 
5.585053606381854 -8.028443348579755 
5.648520124636194 -8.036362189735533 
5.711986642890533 -8.044893456935268 
5.775453161144872 -8.054151027358962 
5.838919679399211 -8.064230713585768 
5.902386197653551 -8.075207764835897 
5.96585271590789 -8.087134762762838 
6.029319234162229 -8.100039952831699 
6.092785752416569 -8.113926042131066 
6.156252270670908 -8.128769483510169 
6.219718788925247 -8.144520254650164 
6.283185307179586 -8.161102129513504 
0.0 -7.190213718483363 
0.06346651825433926 -7.209920548211927 
0.12693303650867852 -7.230248715357239 
0.1903995547630178 -7.2510256444886085 
0.25386607301735703 -7.272056719921242 
0.3173325912716963 -7.293128020624466 
0.3807991095260356 -7.314009346570202 
0.4442656277803748 -7.334457479303437 
0.5077321460347141 -7.3542196200695775 
0.5711986642890533 -7.373036950717454 
0.6346651825433925 -7.390648265521953 
0.6981317007977318 -7.406793625738595 
0.7615982190520711 -7.4212179928236 
0.8250647373064104 -7.433674800556908 
0.8885312555607496 -7.443929430550924 
0.9519977738150889 -7.451762559607196 
1.0154642920694281 -7.45697335092536 
1.0789308103237674 -7.459382464138615 
1.1423973285781066 -7.458834861448533 
1.2058638468324459 -7.455202388694259 
1.269330365086785 -7.448386110986963 
1.3327968833411243 -7.4383183825750905 
1.3962634015954636 -7.424964629923051 
1.4597299198498028 -7.408324825672389 
1.5231964381041423 -7.388434629346457 
1.5866629563584815 -7.365366168549699 
1.6501294746128208 -7.339228432256916 
1.71359599286716 -7.310167245909165 
1.7770625111214993 -7.2783647968208465 
1.8405290293758385 -7.244038678304964 
1.9039955476301778 -7.207440422428397 
1.967462065884517 -7.16885349491314 
2.0309285841388562 -7.128590731865058 
2.0943951023931957 -7.086991207109516 
2.1578616206475347 -7.044416531158232 
2.221328138901874 -7.001246598215916 
2.284794657156213 -6.957874815868097 
2.3482611754105527 -6.914702872559565 
2.4117276936648917 -6.872135119728167 
2.475194211919231 -6.830572667248032 
2.53866073017357 -6.790407311175232 
2.6021272484279097 -6.752015430077452 
2.6655937666822487 -6.715751998904853 
2.729060284936588 -6.681944876063175 
2.792526803190927 -6.650889519092209 
2.8559933214452666 -6.622844276644831 
2.9194598396996057 -6.598026389400242 
2.982926357953945 -6.57660881082733 
3.0463928762082846 -6.558717931584145 
3.1098593944626236 -6.544432260466831 
3.173325912716963 -6.5337820821353745 
3.236792430971302 -6.526750079339343 
3.3002589492256416 -6.5232728769177095 
3.3637254674799806 -6.523243438041307 
3.42719198573432 -6.526514221190219 
3.490658503988659 -6.532900989933484 
3.5541250222429985 -6.542187156955126 
3.6175915404973376 -6.554128538770343 
3.681058058751677 -6.568458397668469 
3.744524577006016 -6.584892651822767 
3.8079910952603555 -6.60313514229099 
3.8714576135146945 -6.62288285581612 
3.934924131769034 -6.643831013978702 
3.998390650023373 -6.665677951503363 
4.0618571682777125 -6.688129718673684 
4.1253236865320515 -6.710904354312341 
4.188790204786391 -6.7337357862530896 
4.25225672304073 -6.756377325438329 
4.3157232412950695 -6.778604727631215 
4.3791897595494085 -6.800218803261066 
4.442656277803748 -6.82104756124684 
4.506122796058087 -6.840947876956786 
4.569589314312426 -6.8598066780035385 
4.6330558325667655 -6.877541644612949 
4.696522350821105 -6.8941014241218905 
4.759988869075444 -6.909465362031133 
4.823455387329783 -6.923642755217759 
4.886921905584122 -6.936671636616226 
4.950388423838462 -6.948617105075341 
5.013854942092801 -6.959569219293625 
5.07732146034714 -6.969640480754945 
5.14078797860148 -6.978962937371319 
5.204254496855819 -6.987684946940892 
5.267721015110158 -6.995967647306612 
5.331187533364497 -7.003981187931825 
5.394654051618837 -7.011900785102335 
5.458120569873176 -7.01990266968443 
5.521587088127515 -7.028160001864341 
5.585053606381854 -7.036838831135312 
5.648520124636194 -7.0460941816097 
5.711986642890533 -7.056066342232106 
5.775453161144872 -7.0668774384939255 
5.838919679399211 -7.078628356779997 
5.902386197653551 -7.091396084644298 
5.96585271590789 -7.1052315203903085 
6.029319234162229 -7.120157793726363 
6.092785752416569 -7.136169126480138 
6.156252270670908 -7.153230248953156 
6.219718788925247 -7.171276374059435 
6.283185307179586 -7.1902137184833625 
0.0 -6.231095872500966 
0.06346651825433926 -6.253858780792485 
0.12693303650867852 -6.277241256029262 
0.1903995547630178 -6.301039839459192 
0.25386607301735703 -6.325027667753603 
0.3173325912716963 -6.348957655620817 
0.3807991095260356 -6.3725659510374415 
0.4442656277803748 -6.395575599288938 
0.5077321460347141 -6.417700354873464 
0.5711986642890533 -6.438648584461156 
0.6346651825433925 -6.458127209129854 
0.6981317007977318 -6.475845639648724 
0.7615982190520711 -6.491519664313703 
0.8250647373064104 -6.50487525445268 
0.8885312555607496 -6.51565225795594 
0.9519977738150889 -6.5236079558322775 
1.0154642920694281 -6.528520460665698 
1.0789308103237674 -6.530191938807446 
1.1423973285781066 -6.528451640068301 
1.2058638468324459 -6.523158719487268 
1.269330365086785 -6.514204835381367 
1.3327968833411243 -6.501516506293527 
1.3962634015954636 -6.485057206655586 
1.4597299198498028 -6.4648291770284505 
1.5231964381041423 -6.440874919800134 
1.5866629563584815 -6.413278345438551 
1.6501294746128208 -6.382165528153325 
1.71359599286716 -6.347705023604481 
1.7770625111214993 -6.3101076957470355 
1.8405290293758385 -6.269625995814673 
1.9039955476301778 -6.22655263475006 
1.967462065884517 -6.181218592089678 
2.0309285841388562 -6.133990410406582 
2.0943951023931957 -6.085266735779068 
2.1578616206475347 -6.035474081991975 
2.221328138901874 -5.985061819471495 
2.284794657156213 -5.934496418919643 
2.3482611754105527 -5.884255013198839 
2.4117276936648917 -5.8348183774682925 
2.475194211919231 -5.786663464500902 
2.53866073017357 -5.740255666649105 
2.6021272484279097 -5.696041005010095 
2.6655937666822487 -5.65443846702647 
2.729060284936588 -5.615832723606034 
2.792526803190927 -5.580567454244714 
2.8559933214452666 -5.548939493061536 
2.9194598396996057 -5.521193980770854 
2.982926357953945 -5.497520669242366 
3.0463928762082846 -5.4780514792039146 
3.1098593944626236 -5.462859361226348 
3.173325912716963 -5.451958459034116 
3.236792430971302 -5.445305525889252 
3.3002589492256416 -5.442802502270444 
3.3637254674799806 -5.444300128522381 
3.42719198573432 -5.449602440898473 
3.490658503988659 -5.458471983873437 
3.5541250222429985 -5.470635565361141 
3.6175915404973376 -5.485790383494529 
3.681058058751677 -5.503610362428381 
3.744524577006016 -5.5237525485064864 
3.8079910952603555 -5.545863435352646 
3.8714576135146945 -5.569585105375573 
3.934924131769034 -5.594561094421278 
3.998390650023373 -5.620441904744295 
4.0618571682777125 -5.646890108286832 
4.1253236865320515 -5.673584996929774 
4.188790204786391 -5.700226748651719 
4.25225672304073 -5.72654008835986 
4.3157232412950695 -5.752277429672838 
4.3791897595494085 -5.777221489401017 
4.442656277803748 -5.8011873702352705 
4.506122796058087 -5.824024109626791 
4.569589314312426 -5.845615694452907 
4.6330558325667655 -5.865881542256865 
4.696522350821105 -5.884776451050877 
4.759988869075444 -5.902290021277178 
4.823455387329783 -5.918445555881444 
4.886921905584122 -5.933298447851389 
4.950388423838462 -5.946934069214085 
5.013854942092801 -5.959465181472874 
5.07732146034714 -5.971028894787868 
5.14078797860148 -5.981783211726872 
5.204254496855819 -5.991903200868409 
5.267721015110158 -6.001576855531491 
5.331187533364497 -6.0110007029324235 
5.394654051618837 -6.020375238538591 
5.458120569873176 -6.029900268668874 
5.521587088127515 -6.039770250850473 
5.585053606381854 -6.050169725509629 
5.648520124636194 -6.061268933786973 
5.711986642890533 -6.073219714322995 
5.775453161144872 -6.086151766644399 
5.838919679399211 -6.100169360398717 
5.902386197653551 -6.1153485584432685 
5.96585271590789 -6.131735008195211 
6.029319234162229 -6.149342340341304 
6.092785752416569 -6.168151197735092 
6.156252270670908 -6.188108900858249 
6.219718788925247 -6.209129740350693 
6.283185307179586 -6.231095872500966 
0.0 -5.291723744673055 
0.06346651825433926 -5.318436946657856 
0.12693303650867852 -5.345726150259889 
0.1903995547630178 -5.373348183213429 
0.25386607301735703 -5.401035401127573 
0.3173325912716963 -5.428499369353437 
0.3807991095260356 -5.455434772741412 
0.4442656277803748 -5.481523485264488 
0.5077321460347141 -5.506438737568765 
0.5711986642890533 -5.529849327611502 
0.6346651825433925 -5.5514238272058165 
0.6981317007977318 -5.5708347451051825 
0.7615982190520711 -5.5877626148832755 
0.8250647373064104 -5.601899983004124 
0.8885312555607496 -5.612955278890915 
0.9519977738150889 -5.620656554282579 
1.0154642920694281 -5.6247550835305695 
1.0789308103237674 -5.625028819558069 
1.1423973285781066 -5.621285701798679 
1.2058638468324459 -5.613366812359757 
1.269330365086785 -5.601149374711545 
1.3327968833411243 -5.584549585180685 
1.3962634015954636 -5.563525261238582 
1.4597299198498028 -5.538078281893167 
1.5231964381041423 -5.508256784401951 
1.5866629563584815 -5.474157068191578 
1.6501294746128208 -5.435925141726123 
1.71359599286716 -5.393757831888278 
1.7770625111214993 -5.34790335941352 
1.8405290293758385 -5.29866126968338 
1.9039955476301778 -5.2463815977981785 
1.967462065884517 -5.19146314268832 
2.0309285841388562 -5.13435072957555 
2.0943951023931957 -5.07553135565848 
2.1578616206475347 -5.01552914218678 
2.221328138901874 -4.954899057813817 
2.284794657156213 -4.8942194325845625 
2.3482611754105527 -4.834083346751349 
2.4117276936648917 -4.7750890497012035 
2.475194211919231 -4.717829635979473 
2.53866073017357 -4.662882271044216 
2.6021272484279097 -4.610797312078736 
2.6655937666822487 -4.562087702705486 
2.729060284936588 -4.517219030176107 
2.792526803190927 -4.476600617316045 
2.8559933214452666 -4.440577979717133 
2.9194598396996057 -4.4094269147156915 
2.982926357953945 -4.383349408227781 
3.0463928762082846 -4.362471455757147 
3.1098593944626236 -4.346842802642104 
3.173325912716963 -4.33643852324178 
3.236792430971302 -4.331162285389317 
3.3002589492256416 -4.330851089331529 
3.3637254674799806 -4.335281231721893 
3.42719198573432 -4.344175225216723 
3.490658503988659 -4.3572094013324465 
3.5541250222429985 -4.374021935723651 
3.6175915404973376 -4.394221057507009 
3.681058058751677 -4.417393234045546 
3.744524577006016 -4.443111156268545 
3.8079910952603555 -4.4709413841476255 
3.8714576135146945 -4.5004515450124325 
3.934924131769034 -4.5312170072732245 
3.998390650023373 -4.562826977763345 
4.0618571682777125 -4.59488999181846 
4.1253236865320515 -4.627038781313238 
4.188790204786391 -4.658934517454094 
4.25225672304073 -4.690270432679219 
4.3157232412950695 -4.720774830185225 
4.3791897595494085 -4.7502134910941844 
4.442656277803748 -4.778391488830257 
4.506122796058087 -4.805154418614725 
4.569589314312426 -4.830389047803729 
4.6330558325667655 -4.854023390729774 
4.696522350821105 -4.876026210352455 
4.759988869075444 -4.896405948891532 
4.823455387329783 -4.915209091134262 
4.886921905584122 -4.932517967599766 
4.950388423838462 -4.9484480103975335 
5.013854942092801 -4.963144482472292 
5.07732146034714 -4.976778710847915 
5.14078797860148 -4.989543866145451 
5.204254496855819 -5.001650343544516 
5.267721015110158 -5.013320813800546 
5.331187533364497 -5.024785026102099 
5.394654051618837 -5.036274456547616 
5.458120569873176 -5.048016905919019 
5.521587088127515 -5.060231157373801 
5.585053606381854 -5.073121807956659 
5.648520124636194 -5.086874386954504 
5.711986642890533 -5.101650868867955 
5.775453161144872 -5.117585679237919 
5.838919679399211 -5.134782278143138 
5.902386197653551 -5.153310389545201 
5.96585271590789 -5.173203925689709 
6.029319234162229 -5.194459635502712 
6.092785752416569 -5.2170364854250835 
6.156252270670908 -5.240855761438939 
6.219718788925247 -5.265801863074054 
6.283185307179586 -5.291723744673055 
0.0 -4.388116389864699 
0.06346651825433926 -4.419928780155868 
0.12693303650867852 -4.452190055694302 
0.1903995547630178 -4.484606975093223 
0.25386607301735703 -4.516861309624762 
0.3173325912716963 -4.548613983068376 
0.3807991095260356 -4.579509357946296 
0.4442656277803748 -4.609179601899316 
0.5077321460347141 -4.637249077927461 
0.5711986642890533 -4.6633387127416395 
0.6346651825433925 -4.687070308126761 
0.6981317007977318 -4.708070770675692 
0.7615982190520711 -4.725976245265164 
0.8250647373064104 -4.740436147012574 
0.8885312555607496 -4.751117095005753 
0.9519977738150889 -4.757706758656739 
1.0154642920694281 -4.759917633868587 
1.0789308103237674 -4.7574907710087 
1.1423973285781066 -4.750199479517919 
1.2058638468324459 -4.7378530342671485 
1.269330365086785 -4.720300405756229 
1.3327968833411243 -4.697434029041834 
1.3962634015954636 -4.669193613899669 
1.4597299198498028 -4.635569980206061 
1.5231964381041423 -4.596608877088619 
1.5866629563584815 -4.552414711697169 
1.6501294746128208 -4.503154073865705 
1.71359599286716 -4.449058897914433 
1.7770625111214993 -4.390429055187093 
1.8405290293758385 -4.327634125016811 
1.9039955476301778 -4.26111405362318 
1.967462065884517 -4.191378387192469 
2.0309285841388562 -4.119003764881908 
2.0943951023931957 -4.044629386987026 
2.1578616206475347 -3.9689502383315505 
2.221328138901874 -3.8927079488964633 
2.284794657156213 -3.81667930977399 
2.3482611754105527 -3.7416626240919957 
2.4117276936648917 -3.668462245562657 
2.475194211919231 -3.5978718236076226 
2.53866073017357 -3.5306569137071913 
2.6021272484279097 -3.4675377061874295 
2.6655937666822487 -3.409172662158014 
2.729060284936588 -3.35614381501433 
2.792526803190927 -3.308944401686047 
2.8559933214452666 -3.2679693399186793 
2.9194598396996057 -3.2335088832350407 
2.982926357953945 -3.205745584524397 
3.0463928762082846 -3.1847545035349456 
3.1098593944626236 -3.1705064212742124 
3.173325912716963 -3.1628736888381774 
3.236792430971302 -3.161638246765986 
3.3002589492256416 -3.1665013048566077 
3.3637254674799806 -3.1770941675987023 
3.42719198573432 -3.192989719511522 
3.490658503988659 -3.213714138476159 
3.5541250222429985 -3.2387584739432826 
3.6175915404973376 -3.267589801993629 
3.681058058751677 -3.299661743461539 
3.744524577006016 -3.334424199492765 
3.8079910952603555 -3.3713322176860228 
3.8714576135146945 -3.409853949724928 
3.934924131769034 -3.4494776978253245 
3.998390650023373 -3.4897180730266157 
4.0618571682777125 -3.530121304560545 
4.1253236865320515 -3.570269747760724 
4.188790204786391 -3.609785639849349 
4.25225672304073 -3.648334150029093 
4.3157232412950695 -3.685625764068658 
4.3791897595494085 -3.721418035294378 
4.442656277803748 -3.755516724720855 
4.506122796058087 -3.7877763439577294 
4.569589314312426 -3.8181001063756916 
4.6330558325667655 -3.8464392855485126 
4.696522350821105 -3.8727919758479517 
4.759988869075444 -3.897201248780942 
4.823455387329783 -3.9197527006166153 
4.886921905584122 -3.9405713922856975 
4.950388423838462 -3.959818191478699 
5.013854942092801 -3.9776855391210706 
5.07732146034714 -3.994392677501487 
5.14078797860148 -4.010180394544285 
5.204254496855819 -4.025305357067553 
5.267721015110158 -4.040034124168464 
5.331187533364497 -4.054636948813585 
5.394654051618837 -4.06938148994631 
5.458120569873176 -4.084526567714587 
5.521587088127515 -4.1003160997469115 
5.585053606381854 -4.116973356069186 
5.648520124636194 -4.134695663975957 
5.711986642890533 -4.1536496821133735 
5.775453161144872 -4.173967345806999 
5.838919679399211 -4.195742564271269 
5.902386197653551 -4.2190287260551225 
5.96585271590789 -4.243837043362374 
6.029319234162229 -4.270135740219165 
6.092785752416569 -4.29785006522986 
6.156252270670908 -4.326863088045914 
6.219718788925247 -4.357017220566073 
6.283185307179586 -4.388116389864699 
0.0 -3.555715626969851 
0.06346651825433926 -3.593810522525889 
0.12693303650867852 -3.6320755387184898 
0.1903995547630178 -3.670157504966739 
0.25386607301735703 -3.70767806678813 
0.3173325912716963 -3.7442379855496917 
0.3807991095260356 -3.7794214567851867 
0.4442656277803748 -3.812800390885888 
0.5077321460347141 -3.843938613848889 
0.5711986642890533 -3.872395960066565 
0.6346651825433925 -3.8977322437779423 
0.6981317007977318 -3.9195111108188763 
0.7615982190520711 -3.9373037878265587 
0.8250647373064104 -3.9506927622186114 
0.8885312555607496 -3.959275443157531 
0.9519977738150889 -3.962667871234174 
1.0154642920694281 -3.96050856235786 
1.0789308103237674 -3.9524625884542104 
1.1423973285781066 -3.938226012525336 
1.2058638468324459 -3.91753080607699 
1.269330365086785 -3.8901503795603936 
1.3327968833411243 -3.8559058470130325 
1.3962634015954636 -3.8146731193568337 
1.4597299198498028 -3.7663908712298158 
1.5231964381041423 -3.711069348544445 
1.5866629563584815 -3.648799874518461 
1.6501294746128208 -3.579764770279996 
1.71359599286716 -3.5042472370400093 
1.7770625111214993 -3.4226405620045677 
1.8405290293758385 -3.3354558296781494 
1.9039955476301778 -3.243327172138005 
1.967462065884517 -3.1470135103324455 
2.0309285841388562 -3.0473957587581926 
2.0943951023931957 -2.9454686173057434 
2.1578616206475347 -2.8423263713760347 
2.221328138901874 -2.739142556772619 
2.284794657156213 -2.637143884236428 
2.3482611754105527 -2.5375793982526407 
2.4117276936648917 -2.4416863858338753 
2.475194211919231 -2.350654968983408 
2.53866073017357 -2.265593538317115 
2.6021272484279097 -2.1874971731706183 
2.6655937666822487 -2.1172209432936295 
2.729060284936588 -2.0554595371968065 
2.792526803190927 -2.0027340823197615 
2.8559933214452666 -1.9593863984719333 
2.9194598396996057 -1.9255803427079443 
2.982926357953945 -1.9013094280523397 
3.0463928762082846 -1.8864095709164923 
3.1098593944626236 -1.8805756546002068 
3.173325912716963 -1.883380576181215 
3.236792430971302 -1.8942955416852802 
3.3002589492256416 -1.9127105520059655 
3.3637254674799806 -1.9379542417540994 
3.42719198573432 -1.9693124625807097 
3.490658503988659 -2.0060452173200445 
3.5541250222429985 -2.047401736215357 
3.6175915404973376 -2.092633634129303 
3.681058058751677 -2.1410061967645575 
3.744524577006016 -2.1918079174426435 
3.8079910952603555 -2.2443584491609156 
3.8714576135146945 -2.2980151556324047 
3.934924131769034 -2.352178445903167 
3.998390650023373 -2.406296065374807 
4.0618571682777125 -2.459866496151837 
4.1253236865320515 -2.512441595127263 
4.188790204786391 -2.5636285717713387 
4.25225672304073 -2.6130913811185397 
4.3157232412950695 -2.660551582317819 
4.3791897595494085 -2.7057886902870374 
4.442656277803748 -2.7486400282064225 
4.506122796058087 -2.7890000723587196 
4.569589314312426 -2.8268192686537135 
4.6330558325667655 -2.86210229248325 
4.696522350821105 -2.894905720700275 
4.759988869075444 -2.92533508676279 
4.823455387329783 -2.9535412975373045 
4.886921905584122 -2.979716402798415 
4.950388423838462 -3.0040887256841566 
5.013854942092801 -3.02691738352439 
5.07732146034714 -3.0484862524470677 
5.14078797860148 -3.0690974545452896 
5.204254496855819 -3.0890644714522013 
5.267721015110158 -3.108705011071046 
5.331187533364497 -3.1283337731028587 
5.394654051618837 -3.148255272250979 
5.458120569873176 -3.168756884266802 
5.521587088127515 -3.1901022785518722 
5.585053606381854 -3.2125253916698373 
5.648520124636194 -3.2362250793075584 
5.711986642890533 -3.261360561011637 
5.775453161144872 -3.2880477439540754 
5.838919679399211 -3.3163564809119483 
5.902386197653551 -3.3463087855785543 
5.96585271590789 -3.377877997197689 
6.029319234162229 -3.410988858042216 
6.092785752416569 -3.4455184428021997 
6.156252270670908 -3.481297859436142 
6.219718788925247 -3.5181146269509407 
6.283185307179586 -3.555715626969851 
0.0 -2.8815923775405548 
0.06346651825433926 -2.9259156463019065 
0.12693303650867852 -2.969899461566547 
0.1903995547630178 -3.0131185122171624 
0.25386607301735703 -3.055118761987604 
0.3173325912716963 -3.0954208012829234 
0.3807991095260356 -3.1335229627050785 
0.4442656277803748 -3.1689041485087888 
0.5077321460347141 -3.2010263392278597 
0.5711986642890533 -3.2293367781915414 
0.6346651825433925 -3.2532698583904573 
0.6981317007977318 -3.2722487783770373 
0.7615982190520711 -3.285687085104849 
0.8250647373064104 -3.292990286333178 
0.8885312555607496 -3.2935577954610826 
0.9519977738150889 -3.286785568142084 
1.0154642920694281 -3.272069901060088 
1.0789308103237674 -3.248812983095563 
1.1423973285781066 -3.2164309060747156 
1.2058638468324459 -3.174364936551061 
1.269330365086785 -3.1220968918396332 
1.3327968833411243 -3.059169412412054 
1.3962634015954636 -2.985211729579629 
1.4597299198498028 -2.8999711401638906 
1.5231964381041423 -2.8033497756024475 
1.5866629563584815 -2.6954453760184176 
1.6501294746128208 -2.5765936853002045 
1.71359599286716 -2.4474088804483722 
1.7770625111214993 -2.308817334533776 
1.8405290293758385 -2.162079263957142 
1.9039955476301778 -2.0087927397120477 
1.967462065884517 -1.8508754165716828 
2.0309285841388562 -1.6905212711393882 
2.0943951023931957 -1.530132511639732 
2.1578616206475347 -1.3722302160988373 
2.221328138901874 -1.2193505275262 
2.284794657156213 -1.0739356651126735 
2.3482611754105527 -0.9382300155489807 
2.4117276936648917 -0.8141908911158944 
2.475194211919231 -0.7034213389486663 
2.53866073017357 -0.6071291785314423 
2.6021272484279097 -0.5261129427392185 
2.6655937666822487 -0.460772287894072 
2.729060284936588 -0.4111382060907983 
2.792526803190927 -0.37691722120698434 
2.8559933214452666 -0.3575436159489469 
2.9194598396996057 -0.35223437881654784 
2.982926357953945 -0.3600426623321171 
3.0463928762082846 -0.37990681016233174 
3.1098593944626236 -0.410693215283912 
3.173325912716963 -0.45123227743372696 
3.236792430971302 -0.500347479196432 
3.3002589492256416 -0.5568780980341466 
3.3637254674799806 -0.6196963524910266 
3.42719198573432 -0.6877198951414425 
3.490658503988659 -0.7599205636314781 
3.5541250222429985 -0.8353302284187674 
3.6175915404973376 -0.9130444655688374 
3.681058058751677 -0.9922246591661543 
3.744524577006016 -1.0720990158681563 
3.8079910952603555 -1.1519628625549063 
3.8714576135146945 -1.2311785009060028 
3.934924131769034 -1.3091748110335955 
3.998390650023373 -1.3854467292033985 
4.0618571682777125 -1.4595546704909816 
4.1253236865320515 -1.53112392396732 
4.188790204786391 -1.5998440137839318 
4.25225672304073 -1.6654679927189115 
4.3157232412950695 -1.7278116141191227 
4.3791897595494085 -1.7867523129071863 
4.442656277803748 -1.8422279159745982 
4.506122796058087 -1.8942349967367198 
4.569589314312426 -1.9428267879998313 
4.6330558325667655 -1.9881105718295924 
4.696522350821105 -2.0302444750615933 
4.759988869075444 -2.069433614576721 
4.823455387329783 -2.105925557339191 
4.886921905584122 -2.1400050859614304 
4.950388423838462 -2.1719882902788274 
5.013854942092801 -2.2022160376913424 
5.07732146034714 -2.231046908044405 
5.14078797860148 -2.2588497104568126 
5.204254496855819 -2.2859957274999783 
5.267721015110158 -2.312850854309171 
5.331187533364497 -2.3397678146911804 
5.394654051618837 -2.367078641736796 
5.458120569873176 -2.395087606195365 
5.521587088127515 -2.4240647620493494 
5.585053606381854 -2.454240256246189 
5.648520124636194 -2.4857995199937597 
5.711986642890533 -2.518879424504386 
5.775453161144872 -2.553565446962467 
5.838919679399211 -2.5898898552093845 
5.902386197653551 -2.6278308844083558 
5.96585271590789 -2.6673128476122003 
6.029319234162229 -2.708207096046251 
6.092785752416569 -2.7503337248210706 
6.156252270670908 -2.79346390595287 
6.219718788925247 -2.8373227227785214 
6.283185307179586 -2.8815923775405548 
0.0 -2.522649330942947 
0.06346651825433926 -2.5652638751344927 
0.12693303650867852 -2.6061375116964562 
0.1903995547630178 -2.6445903574845104 
0.25386607301735703 -2.679866136015426 
0.3173325912716963 -2.7111264240498265 
0.3807991095260356 -2.7374436233642734 
0.4442656277803748 -2.7577928845006587 
0.5077321460347141 -2.7710434895091915 
0.5711986642890533 -2.775950601718892 
0.6346651825433925 -2.7711488415051906 
0.6981317007977318 -2.755149868838804 
0.7615982190520711 -2.7263470439289264 
0.8250647373064104 -2.6830312471926177 
0.8885312555607496 -2.623422938523986 
0.9519977738150889 -2.5457262706971777 
1.0154642920694281 -2.448211132161985 
1.0789308103237674 -2.3293278077093644 
1.1423973285781066 -2.1878558465105904 
1.2058638468324459 -2.023083155165919 
1.269330365086785 -1.8350031873242543 
1.3327968833411243 -1.6245082086396438 
1.3962634015954636 -1.3935471292723887 
1.4597299198498028 -1.1452107725263785 
1.5231964381041423 -0.8837096312796249 
1.5866629563584815 -0.6142218802147106 
1.6501294746128208 -0.3426121290818154 
1.71359599286716 -0.07504916782935012 
1.7770625111214993 0.1824246386858468 
1.8405290293758385 0.4243071918322304 
1.9039955476301778 0.6459728221003114 
1.967462065884517 0.8438891238969086 
2.0309285841388562 1.0157000743641387 
2.0943951023931957 1.1601872889632892 
2.1578616206475347 1.2771394766473536 
2.221328138901874 1.3671675692910124 
2.284794657156213 1.4315009031306274 
2.3482611754105527 1.4717918032011952 
2.4117276936648917 1.4899458381761337 
2.475194211919231 1.4879857447935918 
2.53866073017357 1.46795004759434 
2.6021272484279097 1.4318230395633293 
2.6655937666822487 1.381490666194032 
2.729060284936588 1.3187163252149283 
2.792526803190927 1.2451310216166598 
2.8559933214452666 1.1622332055795546 
2.9194598396996057 1.0713946380197175 
2.982926357953945 0.9738695853418888 
3.0463928762082846 0.8708054539284309 
3.1098593944626236 0.7632536117308673 
3.173325912716963 0.6521796192819063 
3.236792430971302 0.5384724308542324 
3.3002589492256416 0.42295235750480287 
3.3637254674799806 0.30637773450503736 
3.42719198573432 0.1894503289137217 
3.490658503988659 0.07281957664707273 
3.5541250222429985 -0.04291423429503216 
3.6175915404973376 -0.15719770711803416 
3.681058058751677 -0.26952287790291174 
3.744524577006016 -0.3794264319671219 
3.8079910952603555 -0.48648947786373786 
3.8714576135146945 -0.5903377688530231 
3.934924131769034 -0.6906422676486299 
3.998390650023373 -0.7871199546709746 
4.0618571682777125 -0.8795347827099096 
4.1253236865320515 -0.9676986818813615 
4.188790204786391 -1.0514725183695306 
4.25225672304073 -1.1307669091883252 
4.3157232412950695 -1.205542793755402 
4.3791897595494085 -1.2758116622745839 
4.442656277803748 -1.3416353416965303 
4.506122796058087 -1.4031252433492818 
4.569589314312426 -1.4604409831479064 
4.6330558325667655 -1.5137882964287424 
4.696522350821105 -1.5634161854977116 
4.759988869075444 -1.609613259173355 
4.823455387329783 -1.6527032497335832 
4.886921905584122 -1.6930397230067522 
4.950388423838462 -1.7310000306038218 
5.013854942092801 -1.7669785876829687 
5.07732146034714 -1.8013795929903917 
5.14078797860148 -1.8346093378325328 
5.204254496855819 -1.867068274718575 
5.267721015110158 -1.89914303254597 
5.331187533364497 -1.9311985717706017 
5.394654051618837 -1.9635706690933523 
5.458120569873176 -1.9965589067083642 
5.521587088127515 -2.0304203168295514 
5.585053606381854 -2.065363799520145 
5.648520124636194 -2.101545392843743 
5.711986642890533 -2.1390644314146035 
5.775453161144872 -2.1779605850005317 
5.838919679399211 -2.218211725199042 
5.902386197653551 -2.2597325272712396 
5.96585271590789 -2.302373677393454 
6.029319234162229 -2.345921523772839 
6.092785752416569 -2.390097983721226 
6.156252270670908 -2.4345604980578974 
6.219718788925247 -2.4789018092504724 
6.283185307179586 -2.522649330942947 
0.0 -1.8823881196290662 
0.06346651825433926 -1.8368488272948578 
0.12693303650867852 -1.7766320669865836 
0.1903995547630178 -1.699732236786537 
0.25386607301735703 -1.6042004265331122 
0.3173325912716963 -1.4882676063039968 
0.3807991095260356 -1.3504981955977886 
0.4442656277803748 -1.1899680626720992 
0.5077321460347141 -1.0064533879230257 
0.5711986642890533 -0.8006082498020068 
0.6346651825433925 -0.5741014128777198 
0.6981317007977318 -0.3296796844934837 
0.7615982190520711 -0.07112945965720296 
0.8250647373064104 0.19687867628812294 
0.8885312555607496 0.4690565406798015 
0.9519977738150889 0.7398468078221996 
1.0154642920694281 1.0038048976444172 
1.0789308103237674 1.2559578849852007 
1.1423973285781066 1.4920900475922807 
1.2058638468324459 1.7089224811390367 
1.269330365086785 1.9041775318607865 
1.3327968833411243 2.0765403202963215 
1.3962634015954636 2.225544015854977 
1.4597299198498028 2.3514109232729563 
1.5231964381041423 2.454879162140749 
1.5866629563584815 2.5370377551191265 
1.6501294746128208 2.599184424815299 
1.71359599286716 2.6427126312312823 
1.7770625111214993 2.6690285397176075 
1.8405290293758385 2.6794949449079275 
1.9039955476301778 2.675397382227901 
1.967462065884517 2.657927207979241 
2.0309285841388562 2.6281767964968674 
2.0943951023931957 2.587142771750951 
2.1578616206475347 2.535734078475618 
2.221328138901874 2.47478253937094 
2.284794657156213 2.405054261031812 
2.3482611754105527 2.327260817885186 
2.4117276936648917 2.2420695671761566 
2.475194211919231 2.150112749765973 
2.53866073017357 2.0519952362386027 
2.6021272484279097 1.9483009094634578 
2.6655937666822487 1.8395977537175041 
2.729060284936588 1.726441762938188 
2.792526803190927 1.6093797989139373 
2.8559933214452666 1.4889515331221588 
2.9194598396996057 1.3656905997373492 
2.982926357953945 1.2401250762847686 
3.0463928762082846 1.11277739527471 
3.1098593944626236 0.9841637766525116 
3.173325912716963 0.8547932580699067 
3.236792430971302 0.7251663883879917 
3.3002589492256416 0.5957736397309252 
3.3637254674799806 0.46709358491597697 
3.42719198573432 0.3395908801867009 
3.490658503988659 0.21371408782463086 
3.5541250222429985 0.08989336935130487 
3.6175915404973376 -0.03146192239711698 
3.681058058751677 -0.14996572507640216 
3.744524577006016 -0.26525779494519286 
3.8079910952603555 -0.37700625202674254 
3.8714576135146945 -0.4849101100692954 
3.934924131769034 -0.5887017547778984 
3.998390650023373 -0.688149328324143 
4.0618571682777125 -0.7830589716303191 
4.1253236865320515 -0.8732768686032959 
4.188790204786391 -0.9586910286997565 
4.25225672304073 -1.0392327363985743 
4.3157232412950695 -1.1148775889265088 
4.3791897595494085 -1.1856460376379232 
4.442656277803748 -1.2516033445885149 
4.506122796058087 -1.3128588649104205 
4.569589314312426 -1.3695645684044226 
4.6330558325667655 -1.4219127210012443 
4.696522350821105 -1.470132658859635 
4.759988869075444 -1.5144866049658714 
4.823455387329783 -1.5552644998298977 
4.886921905584122 -1.5927778433708921 
4.950388423838462 -1.6273525729472234 
5.013854942092801 -1.659321030823122 
5.07732146034714 -1.6890131009267868 
5.14078797860148 -1.7167466171304135 
5.204254496855819 -1.7428171611612469 
5.267721015110158 -1.76748737572587 
5.331187533364497 -1.790975916305059 
5.394654051618837 -1.8134461531747017 
5.458120569873176 -1.8349947146280614 
5.521587088127515 -1.8556399357177369 
5.585053606381854 -1.875310248408601 
5.648520124636194 -1.8938325250550418 
5.711986642890533 -1.9109203759714433 
5.775453161144872 -1.926162414429744 
5.838919679399211 -1.9390105524499028 
5.902386197653551 -1.948768495256291 
5.96585271590789 -1.954580781629737 
6.029319234162229 -1.9554229947434492 
6.092785752416569 -1.9500941672917678 
6.156252270670908 -1.9372129456265006 
6.219718788925247 -1.9152197669351159 
6.283185307179586 -1.882388119629066 
0.0 1.0 
0.06346651825433926 1.126847839313129 
0.12693303650867852 1.2531849071474985 
0.1903995547630178 1.3785024887208204 
0.25386607301735703 1.5022959743621584 
0.3173325912716963 1.624066891396974 
0.3807991095260356 1.7433249113206553 
0.4442656277803748 1.8595898241783433 
0.5077321460347141 1.9723934722009373 
0.5711986642890533 2.0812816349111953 
0.6346651825433925 2.185815858109281 
0.6981317007977318 2.2855752193730785 
0.7615982190520711 2.380158022964224 
0.8250647373064104 2.4691834173150666 
0.8885312555607496 2.5522929285835136 
0.9519977738150889 2.6291519041006715 
1.0154642920694281 2.699450859899029 
1.0789308103237674 2.762906726895164 
1.1423973285781066 2.819263990709037 
1.2058638468324459 2.8682957205302135 
1.269330365086785 2.9098044828881475 
1.3327968833411243 2.9436231366470835 
1.3962634015954636 2.9696155060244163 
1.4597299198498028 2.9876769289225082 
1.5231964381041423 2.997734678366016 
1.5866629563584815 2.9997482553477504 
1.6501294746128208 2.9937095519038848 
1.71359599286716 2.9796428837618656 
1.7770625111214993 2.9576048924295577 
1.8405290293758385 2.9276843171198843 
1.9039955476301778 2.8900016374293367 
1.967462065884517 2.844708588209163 
2.0309285841388562 2.7919875485826715 
2.0943951023931957 2.732050807568877 
2.1578616206475347 2.6651397092695426 
2.221328138901874 2.591523681061664 
2.284794657156213 2.5114991487085168 
2.3482611754105527 2.4253883427577256 
2.4117276936648917 2.3335380010325832 
2.475194211919231 2.23631797244121 
2.53866073017357 2.1341197277255417 
2.6021272484279097 2.0273547831468126 
2.6655937666822487 1.916453043454821 
2.729060284936588 1.8018610708132272 
2.792526803190927 1.6840402866513378 
2.8559933214452666 1.5634651136828592 
2.9194598396996057 1.4406210655730816 
2.982926357953945 1.3160027919466997 
3.0463928762082846 1.190112086608365 
3.1098593944626236 1.0634558669961354 
3.173325912716963 0.9365441330038643 
3.236792430971302 0.8098879133916348 
3.3002589492256416 0.6839972080532999 
3.3637254674799806 0.5593789344269189 
3.42719198573432 0.4365348863171403 
3.490658503988659 0.3159597133486627 
3.5541250222429985 0.19813892918677234 
3.6175915404973376 0.08354695654517941 
3.681058058751677 -0.027354783146812833 
3.744524577006016 -0.13411972772554126 
3.8079910952603555 -0.23631797244121056 
3.8714576135146945 -0.333538001032583 
3.934924131769034 -0.42538834275772563 
3.998390650023373 -0.5114991487085163 
4.0618571682777125 -0.5915236810616642 
4.1253236865320515 -0.6651397092695426 
4.188790204786391 -0.7320508075688776 
4.25225672304073 -0.791987548582672 
4.3157232412950695 -0.8447085882091627 
4.3791897595494085 -0.8900016374293367 
4.442656277803748 -0.9276843171198843 
4.506122796058087 -0.9576048924295575 
4.569589314312426 -0.9796428837618654 
4.6330558325667655 -0.9937095519038845 
4.696522350821105 -0.9997482553477501 
4.759988869075444 -0.9977346783660159 
4.823455387329783 -0.9876769289225082 
4.886921905584122 -0.9696155060244163 
4.950388423838462 -0.9436231366470833 
5.013854942092801 -0.9098044828881477 
5.07732146034714 -0.8682957205302135 
5.14078797860148 -0.8192639907090364 
5.204254496855819 -0.7629067268951639 
5.267721015110158 -0.6994508598990288 
5.331187533364497 -0.6291519041006719 
5.394654051618837 -0.5522929285835132 
5.458120569873176 -0.4691834173150662 
5.521587088127515 -0.3801580229642241 
5.585053606381854 -0.28557521937307917 
5.648520124636194 -0.18581585810928036 
5.711986642890533 -0.08128163491119489 
5.775453161144872 0.027606527799062475 
5.838919679399211 0.14041017582165616 
5.902386197653551 0.2566750886793455 
5.96585271590789 0.37593310860302587 
6.029319234162229 0.49770402563784133 
6.092785752416569 0.6214975112791805 
6.156252270670908 0.7468150928525019 
6.219718788925247 0.873152160686871 
6.283185307179586 0.9999999999999996 
0.0 2.3328278502385604 
0.06346651825433926 2.3798930722595415 
0.12693303650867852 2.4282938523878417 
0.1903995547630178 2.478114903479934 
0.25386607301735703 2.529360353995874 
0.3173325912716963 2.5819527361021697 
0.3807991095260356 2.6357341714541507 
0.4442656277803748 2.6904697129398425 
0.5077321460347141 2.7458527230652123 
0.5711986642890533 2.8015120885894538 
0.6346651825433925 2.857020994217683 
0.6981317007977318 2.9119069134706814 
0.7615982190520711 2.965662429114968 
0.8250647373064104 3.017756473592826 
0.8885312555607496 3.067645583894032 
0.9519977738150889 3.1147847944582017 
1.0154642920694281 3.158637842436062 
1.0789308103237674 3.1986864262825776 
1.1423973285781066 3.234438334283067 
1.2058638468324459 3.265434337070294 
1.269330365086785 3.2912538110086857 
1.3327968833411243 3.3115191224170784 
1.3962634015954636 3.3258988526634274 
1.4597299198498028 3.3341099797315885 
1.5231964381041423 3.3359191531265386 
1.5866629563584815 3.331143207430833 
1.6501294746128208 3.3196490577640523 
1.71359599286716 3.3013531105238307 
1.7770625111214993 3.2762203077998886 
1.8405290293758385 3.2442629061741295 
1.9039955476301778 3.205539072231599 
1.967462065884517 3.1601513594814867 
2.0309285841388562 3.1082451154983066 
2.0943951023931957 3.05000685447714 
2.1578616206475347 2.9856626192385667 
2.221328138901874 2.9154763479469405 
2.284794657156213 2.839748254177373 
2.3482611754105527 2.7588132241419236 
2.4117276936648917 2.673039231479829 
2.475194211919231 2.5828257676406015 
2.53866073017357 2.4886022841695667 
2.6021272484279097 2.3908266417979696 
2.6655937666822487 2.289983559829948 
2.729060284936588 2.1865830576200613 
2.792526803190927 2.0811588776848806 
2.8559933214452666 1.9742668769458143 
2.9194598396996057 1.8664833685295061 
2.982926357953945 1.7584033912458685 
3.0463928762082846 1.6506388771376215 
3.1098593944626236 1.5438166792071253 
3.173325912716963 1.4385764115062112 
3.236792430971302 1.3355680422660043 
3.3002589492256416 1.2354491678625132 
3.3637254674799806 1.1388818816252748 
3.42719198573432 1.0465291376087862 
3.490658503988659 0.9590504967177358 
3.5541250222429985 0.8770971328234543 
3.6175915404973376 0.8013059721980724 
3.681058058751677 0.7322928438880459 
3.744524577006016 0.6706445353650394 
3.8079910952603555 0.6169096812045765 
3.8714576135146945 0.5715884669869931 
3.934924131769034 0.5351212098214002 
3.998390650023373 0.507875983025642 
4.0618571682777125 0.49013558492195664 
4.1253236865320515 0.48208430562819926 
4.188790204786391 0.4837951108981759 
4.25225672304073 0.4952180220346535 
4.3157232412950695 0.5161706031879232 
4.3791897595494085 0.5463315451243194 
4.442656277803748 0.5852383300364351 
4.506122796058087 0.6322898515987988 
4.569589314312426 0.6867546350325615 
4.6330558325667655 0.7477849564720058 
4.696522350821105 0.8144367226312228 
4.759988869075444 0.8856944841910896 
4.823455387329783 0.9605004786771127 
4.886921905584122 1.0377861964331525 
4.950388423838462 1.1165046962116947 
5.013854942092801 1.195661806202498 
5.07732146034714 1.274344445995069 
5.14078797860148 1.351744578579786 
5.204254496855819 1.4271777059148674 
5.267721015110158 1.5000952964825696 
5.331187533364497 1.570091013551572 
5.394654051618837 1.6369010408747555 
5.458120569873176 1.700399136941679 
5.521587088127515 1.7605872688626403 
5.585053606381854 1.8175827816200711 
5.648520124636194 1.8716030626777604 
5.711986642890533 1.9229485904203283 
5.775453161144872 1.9719851358206362 
5.838919679399211 2.019125746852541 
5.902386197653551 2.064813006415404 
5.96585271590789 2.109501932419729 
6.029319234162229 2.153643792073381 
6.092785752416569 2.197671034283469 
6.156252270670908 2.241983502755482 
6.219718788925247 2.286936072821558 
6.283185307179586 2.3328278502385604 
0.0 3.238446765204664 
0.06346651825433926 3.269855797143696 
0.12693303650867852 3.3031003909481123 
0.1903995547630178 3.338172055520664 
0.25386607301735703 3.374998400001164 
0.3173325912716963 3.413443400554707 
0.3807991095260356 3.45330916516337 
0.4442656277803748 3.4943391699778497 
0.5077321460347141 3.536222883748922 
0.5711986642890533 3.5786016407872054 
0.6346651825433925 3.6210755723990893 
0.6981317007977318 3.663211366074137 
0.7615982190520711 3.7045505942439076 
0.8250647373064104 3.744618342296725 
0.8885312555607496 3.78293186928977 
0.9519977738150889 3.819009053461049 
1.0154642920694281 3.852376405847288 
1.0789308103237674 3.8825764756862764 
1.1423973285781066 3.909174516909939 
1.2058638468324459 3.9317643319599784 
1.269330365086785 3.949973253822029 
1.3327968833411243 3.96346626674556 
1.3962634015954636 3.9719492986762623 
1.4597299198498028 3.975171743006364 
1.5231964381041423 3.9729282837416853 
1.5866629563584815 3.965060107180025 
1.6501294746128208 3.951455585758614 
1.71359599286716 3.9320505171823665 
1.7770625111214993 3.906827995678259 
1.8405290293758385 3.875817983538961 
1.9039955476301778 3.8390966411413627 
1.967462065884517 3.7967854632376197 
2.0309285841388562 3.7490502591531527 
2.0943951023931957 3.6961000049896664 
2.1578616206475347 3.6381855872227193 
2.221328138901874 3.5755984492446986 
2.284794657156213 3.5086691453600443 
2.3482611754105527 3.4377658003382967 
2.4117276936648917 3.363292466677282 
2.475194211919231 3.2856873660152077 
2.53866073017357 3.2054209954590993 
2.6021272484279097 3.122994073802638 
2.6655937666822487 3.038935296576329 
2.729060284936588 2.9537988625684033 
2.792526803190927 2.868161727935124 
2.8559933214452666 2.7826205374689588 
2.9194598396996057 2.6977881763539644 
2.982926357953945 2.614289880341905 
3.0463928762082846 2.532758838485969 
3.1098593944626236 2.4538312213774742 
3.173325912716963 2.3781405705121568 
3.236792430971302 2.3063114924786725 
3.3002589492256416 2.2389526168104 
3.3637254674799806 2.1766488003344877 
3.42719198573432 2.119952595317545 
3.490658503988659 2.0693750448516206 
3.5541250222429985 2.02537592715278 
3.6175915404973376 1.9883536399161101 
3.681058058751677 1.9586349940287393 
3.744524577006016 1.9364652681139647 
3.8079910952603555 1.9219989545594656 
3.8714576135146945 1.9152916946445615 
3.934924131769034 1.9162939442547782 
3.998390650023373 1.9248469210725725 
4.0618571682777125 1.9406813488364303 
4.1253236865320515 1.9634194272556336 
4.188790204786391 1.9925803157596742 
4.25225672304073 2.0275892307502463 
4.3157232412950695 2.0677900324383613 
4.3791897595494085 2.112460938801557 
4.442656277803748 2.1608327756883217 
4.506122796058087 2.21210897998359 
4.569589314312426 2.265486440466649 
4.6330558325667655 2.3201762049482975 
4.696522350821105 2.3754231088540125 
4.759988869075444 2.430523484847115 
4.823455387329783 2.484840280411248 
4.886921905584122 2.537815118277373 
4.950388423838462 2.588977057645869 
5.013854942092801 2.6379480277302045 
5.07732146034714 2.684445089152386 
5.14078797860148 2.7282798198255493 
5.204254496855819 2.76935521432805 
5.267721015110158 2.8076605304218756 
5.331187533364497 2.843264519584381 
5.394654051618837 2.8763074497481353 
5.458120569873176 2.9069922786841236 
5.521587088127515 2.9355752760530596 
5.585053606381854 2.962356330030884 
5.648520124636194 2.987669117446716 
5.711986642890533 3.0118712691764467 
5.775453161144872 3.0353346276516486 
5.838919679399211 3.058435671549165 
5.902386197653551 3.0815461734174963 
5.96585271590789 3.1050241575459703 
6.029319234162229 3.129205235447211 
6.092785752416569 3.1543944120798915 
6.156252270670908 3.1808584742773305 
6.219718788925247 3.2088190905386873 
6.283185307179586 3.238446765204664 
0.0 4.183725825309613 
0.06346651825433926 4.20865751449963 
0.12693303650867852 4.235251466367391 
0.1903995547630178 4.263466528783459 
0.25386607301735703 4.293210502172299 
0.3173325912716963 4.324340794979338 
0.3807991095260356 4.356666199851494 
0.4442656277803748 4.389949753533814 
0.5077321460347141 4.423912605687022 
0.5711986642890533 4.458238786465102 
0.6346651825433925 4.492580732252264 
0.6981317007977318 4.526565405577264 
0.7615982190520711 4.559800830440299 
0.8250647373064104 4.591882858889315 
0.8885312555607496 4.622401988632125 
0.9519977738150889 4.650950063945303 
1.0154642920694281 4.677126711660101 
1.0789308103237674 4.700545388632724 
1.1423973285781066 4.720838944684375 
1.2058638468324459 4.737664633386804 
1.269330365086785 4.75070853035651 
1.3327968833411243 4.759689343363064 
1.3962634015954636 4.764361619469828 
1.4597299198498028 4.764518370998015 
1.5231964381041423 4.759993154164124 
1.5866629563584815 4.750661641972505 
1.6501294746128208 4.73644273679679 
1.71359599286716 4.717299268663728 
1.7770625111214993 4.693238323235006 
1.8405290293758385 4.66431123953216 
1.9039955476301778 4.630613312170352 
1.967462065884517 4.592283226766421 
2.0309285841388562 4.549502250665883 
2.0943951023931957 4.502493194485954 
2.1578616206475347 4.451519153397168 
2.221328138901874 4.396882030690177 
2.284794657156213 4.338920840070246 
2.3482611754105527 4.278009777335999 
2.4117276936648917 4.214556046673465 
2.475194211919231 4.14899742179362 
2.53866073017357 4.081799517664081 
2.6021272484279097 4.013452744797348 
2.6655937666822487 3.9444689152003263 
2.729060284936588 3.875377467495662 
2.792526803190927 3.8067212788276903 
2.8559933214452666 3.739052033496104 
2.9194598396996057 3.6729251234391525 
2.982926357953945 3.6088940643940504 
3.0463928762082846 3.547504424484515 
3.1098593944626236 3.4892872797475607 
3.173325912716963 3.4347522341687124 
3.236792430971302 3.3843800703017104 
3.3002589492256416 3.3386151302080442 
3.3637254674799806 3.297857564353846 
3.42719198573432 3.26245562658034 
3.490658503988659 3.232698233800402 
3.5541250222429985 3.2088080462869235 
3.6175915404973376 3.19093535418632 
3.681058058751677 3.1791530736301956 
3.744524577006016 3.17345315694579 
3.8079910952603555 3.1737447020107816 
3.8714576135146945 3.179854003116105 
3.934924131769034 3.1915267191779093 
3.998390650023373 3.2084322467514808 
4.0618571682777125 3.2301702798698755 
4.1253236865320515 3.256279423773277 
4.188790204786391 3.28624761467906 
4.25225672304073 3.319523993407863 
4.3157232412950695 3.355531797063181 
4.3791897595494085 3.3936817783495217 
4.442656277803748 3.433385641713752 
4.506122796058087 3.4740690006546684 
4.569589314312426 3.515183408599849 
4.6330558325667655 3.556217090501285 
4.696522350821105 3.596704095055002 
4.759988869075444 3.636231688347803 
4.823455387329783 3.674445909154782 
4.886921905584122 3.7110552958613336 
4.950388423838462 3.7458328691156852 
5.013854942092801 3.778616509492239 
5.07732146034714 3.8093079048598097 
5.14078797860148 3.837870259133747 
5.204254496855819 3.864324955515313 
5.267721015110158 3.8887473569320425 
5.331187533364497 3.911261908211711 
5.394654051618837 3.9320366823693496 
5.458120569873176 3.9512774905538186 
5.521587088127515 3.969221654278053 
5.585053606381854 3.986131521382158 
5.648520124636194 4.002287794867311 
5.711986642890533 4.017982736770451 
5.775453161144872 4.033513307568746 
5.838919679399211 4.049174304715993 
5.902386197653551 4.065251570978884 
5.96585271590789 4.08201535314068 
6.029319234162229 4.0997139030405805 
6.092785752416569 4.118567424332926 
6.156252270670908 4.138762478211602 
6.219718788925247 4.1604469680818426 
6.283185307179586 4.183725825309613 
0.0 5.151279597795918 
0.06346651825433926 5.172197859261858 
0.12693303650867852 5.194556456469527 
0.1903995547630178 5.218302204477519 
0.25386607301735703 5.243339789181197 
0.3173325912716963 5.2695325730512526 
0.3807991095260356 5.296704277144224 
0.4442656277803748 5.324641501280186 
0.5077321460347141 5.353097018488485 
0.5711986642890533 5.381793756434032 
0.6346651825433925 5.410429358965588 
0.6981317007977318 5.438681206308503 
0.7615982190520711 5.466211763507847 
0.8250647373064104 5.492674123814851 
0.8885312555607496 5.5177176166380395 
0.9519977738150889 5.540993357862889 
1.0154642920694281 5.5621596328495695 
1.0789308103237674 5.580887018085943 
1.1423973285781066 5.59686316503664 
1.2058638468324459 5.609797187942264 
1.269330365086785 5.619423615062375 
1.3327968833411243 5.625505879199508 
1.3962634015954636 5.627839337610904 
1.4597299198498028 5.626253823187348 
1.5231964381041423 5.620615737872527 
1.5866629563584815 5.610829705733819 
1.6501294746128208 5.596839807056851 
1.71359599286716 5.578630416608993 
1.7770625111214993 5.556226669148985 
1.8405290293758385 5.529694573719303 
1.9039955476301778 5.499140795602406 
1.967462065884517 5.464712121380691 
2.0309285841388562 5.426594618601684 
2.0943951023931957 5.385012497363377 
2.1578616206475347 5.340226676911545 
2.221328138901874 5.292533056267084 
2.284794657156213 5.242260484146794 
2.3482611754105527 5.189768420174292 
2.4117276936648917 5.135444276776856 
2.475194211919231 5.079700429429229 
2.53866073017357 5.022970882264956 
2.6021272484279097 4.965707576791598 
2.6655937666822487 4.908376333810108 
2.729060284936588 4.851452422964505 
2.792526803190927 4.795415760953061 
2.8559933214452666 4.740745748607986 
2.9194598396996057 4.687915769024663 
2.982926357953945 4.6373873838045805 
3.0463928762082846 4.58960428220409 
3.1098593944626236 4.5449860582472015 
3.173325912716963 4.503921913053661 
3.236792430971302 4.466764402783922 
3.3002589492256416 4.433823375356313 
3.3637254674799806 4.405360259720881 
3.42719198573432 4.3815828879427166 
3.490658503988659 4.3626410404392715 
3.5541250222429985 4.348622906231106 
3.6175915404973376 4.3395526410745004 
3.681058058751677 4.335389185479684 
3.744524577006016 4.336026471365359 
3.8079910952603555 4.341295101038867 
3.8714576135146945 4.350965527138754 
3.934924131769034 4.364752700178442 
3.998390650023373 4.382322085478072 
4.0618571682777125 4.40329688834175 
4.1253236865320515 4.427266270285823 
4.188790204786391 4.453794294508212 
4.25225672304073 4.48242930920501 
4.3157232412950695 4.512713464967788 
4.3791897595494085 4.5441920678324115 
4.442656277803748 4.576422491387024 
4.506122796058087 4.60898240697207 
4.569589314312426 4.641477136610733 
4.6330558325667655 4.673545984511897 
4.696522350821105 4.704867455384256 
4.759988869075444 4.735163317451268 
4.823455387329783 4.76420151185602 
4.886921905584122 4.791797946023319 
4.950388423838462 4.81781723551129 
5.013854942092801 4.84217247692738 
5.07732146034714 4.8648241443845155 
5.14078797860148 4.88577820506329 
5.204254496855819 4.905083547361224 
5.267721015110158 4.922828809571479 
5.331187533364497 4.939138689675794 
5.394654051618837 4.954169809088254 
5.458120569873176 4.968106196201356 
5.521587088127515 4.981154450212747 
5.585053606381854 4.993538642497482 
5.648520124636194 5.00549501199918 
5.711986642890533 5.017266512750985 
5.775453161144872 5.029097275483512 
5.838919679399211 5.041227050914009 
5.902386197653551 5.05388570915135 
5.96585271590789 5.067287876967571 
6.029319234162229 5.081627801644911 
6.092785752416569 5.097074535809757 
6.156252270670908 5.113767541201784 
6.219718788925247 5.131812809839349 
6.283185307179586 5.151279597795919 
0.0 6.12956156201367 
0.06346651825433926 6.147630787152248 
0.12693303650867852 6.166949361430587 
0.1903995547630178 6.187460156298271 
0.25386607301735703 6.209070344373305 
0.3173325912716963 6.2316522452398955 
0.3807991095260356 6.2550448831635785 
0.4442656277803748 6.2790562215694 
0.5077321460347141 6.303466020549777 
0.5711986642890533 6.328029247124027 
0.6346651825433925 6.352479954316728 
0.6981317007977318 6.376535535013486 
0.7615982190520711 6.399901250394467 
0.8250647373064104 6.422274930662086 
0.8885312555607496 6.443351747613824 
0.9519977738150889 6.462828963958531 
1.0154642920694281 6.480410572529996 
1.0789308103237674 6.495811748978294 
1.1423973285781066 6.508763053321108 
1.2058638468324459 6.519014328127877 
1.269330365086785 6.526338253373051 
1.3327968833411243 6.530533529528336 
1.3962634015954636 6.531427670806509 
1.4597299198498028 6.528879399308848 
1.5231964381041423 6.522780637998057 
1.5866629563584815 6.513058105879254 
1.6501294746128208 6.499674522589006 
1.71359599286716 6.482629431909796 
1.7770625111214993 6.461959654741197 
1.8405290293758385 6.437739381995035 
1.9039955476301778 6.410079916978249 
1.967462065884517 6.3791290753207575 
2.0309285841388562 6.345070248625738 
2.0943951023931957 6.308121135983251 
2.1578616206475347 6.2685321455017915 
2.221328138901874 6.226584466274051 
2.284794657156213 6.182587809896296 
2.3482611754105527 6.136877819998455 
2.4117276936648917 6.0898131484087275 
2.475194211919231 6.041772197769295 
2.53866073017357 5.993149532834547 
2.6021272484279097 5.944351966507782 
2.6655937666822487 5.895794332074162 
2.729060284936588 5.8478949601955446 
2.792526803190927 5.801070888114978 
2.8559933214452666 5.755732839153561 
2.9194598396996057 5.712280022829531 
2.982926357953945 5.6710948194973385 
3.0463928762082846 5.632537427824018 
3.1098593944626236 5.596940568026929 
3.173325912716963 5.564604347727693 
3.236792430971302 5.535791409489125 
3.3002589492256416 5.510722488417813 
3.3637254674799806 5.489572513398384 
3.42719198573432 5.472467385386101 
3.490658503988659 5.459481559706884 
3.5541250222429985 5.450636545799522 
3.6175915404973376 5.4459004170392715 
3.681058058751677 5.445188395527166 
3.744524577006016 5.448364542968188 
3.8079910952603555 5.455244550575497 
3.8714576135146945 5.465599580456092 
3.934924131769034 5.479161070670631 
3.998390650023373 5.495626378790233 
4.0618571682777125 5.514665106859452 
4.1253236865320515 5.53592592639872 
4.188790204786391 5.55904370700267 
4.25225672304073 5.583646746989454 
4.3157232412950695 5.609363909352838 
4.3791897595494085 5.63583148006988 
4.442656277803748 5.662699587047574 
4.506122796058087 5.68963804460481 
4.569589314312426 5.7163415181097665 
4.6330558325667655 5.742533933979661 
4.696522350821105 5.767972089693334 
4.759988869075444 5.79244844516076 
4.823455387329783 5.815793099621856 
4.886921905584122 5.837874976606876 
4.950388423838462 5.858602253254929 
5.013854942092801 5.877922079724665 
5.07732146034714 5.895819640105158 
5.14078797860148 5.912316608893018 
5.204254496855819 5.927469057574755 
5.267721015110158 5.941364864969761 
5.331187533364497 5.954120683509944 
5.394654051618837 5.96587851220571 
5.458120569873176 5.976801926184348 
5.521587088127515 5.987072012745172 
5.585053606381854 5.996883065061015 
5.648520124636194 6.006438087024985 
5.711986642890533 6.015944166210485 
5.775453161144872 6.025607776267989 
5.838919679399211 6.035630074994437 
5.902386197653551 6.04620226935144 
5.96585271590789 6.057501123370265 
6.029319234162229 6.069684688606728 
6.092785752416569 6.082888339023032 
6.156252270670908 6.097221192323496 
6.219718788925247 6.112762997373167 
6.283185307179586 6.129561562013671 
0.0 7.113767771380496 
0.06346651825433926 7.129681456489948 
0.12693303650867852 7.146689553954571 
0.1903995547630178 7.164734540973137 
0.25386607301735703 7.183728004020083 
0.3173325912716963 7.203551476166813 
0.3807991095260356 7.224057871332926 
0.4442656277803748 7.245073484136758 
0.5077321460347141 7.266400509906165 
0.5711986642890533 7.287820026958729 
0.6346651825433925 7.309095373020699 
0.6981317007977318 7.32997584003926 
0.7615982190520711 7.350200606894829 
0.8250647373064104 7.3695028276962695 
0.8885312555607496 7.387613794319352 
0.9519977738150889 7.404267095345335 
1.0154642920694281 7.419202699163759 
1.0789308103237674 7.4321708962290085 
1.1423973285781066 7.4429360437715095 
1.2058638468324459 7.451280065132877 
1.269330365086785 7.4570056648311756 
1.3327968833411243 7.459939229047821 
1.3962634015954636 7.45993338912792 
1.4597299198498028 7.456869232662273 
1.5231964381041423 7.450658152627169 
1.5866629563584815 7.441243329838905 
1.6501294746128208 7.428600847649413 
1.71359599286716 7.412740440442878 
1.7770625111214993 7.39370587921057 
1.8405290293758385 7.371574998433516 
1.9039955476301778 7.3464593688599376 
1.967462065884517 7.318503620707226 
2.0309285841388562 7.287884421530494 
2.0943951023931957 7.254809112665088 
2.1578616206475347 7.219514007949471 
2.221328138901874 7.182262358543992 
2.284794657156213 7.1433419882506275 
2.3482611754105527 7.103062604972532 
2.4117276936648917 7.061752795982525 
2.475194211919231 7.019756717634312 
2.53866073017357 6.977430494163287 
2.6021272484279097 6.935138345366784 
2.6655937666822487 6.893248469261876 
2.729060284936588 6.852128713266533 
2.792526803190927 6.812142075934644 
2.8559933214452666 6.773642090600681 
2.9194598396996057 6.736968152153185 
2.982926357953945 6.702440858139633 
3.0463928762082846 6.670357444975186 
3.1098593944626236 6.640987408546068 
3.173325912716963 6.614568405246621 
3.236792430971302 6.5913025337092765 
3.3002589492256416 6.571353098436264 
3.3637254674799806 6.554841953561968 
3.42719198573432 6.541847517567162 
3.490658503988659 6.532403537669061 
3.5541250222429985 6.526498665866043 
3.6175915404973376 6.524076887614639 
3.681058058751677 6.525038819616028 
3.744524577006016 6.529243866290191 
3.8079910952603555 6.536513196596829 
3.8714576135146945 6.54663347547975 
3.934924131769034 6.559361258966519 
3.998390650023373 6.5744279403485955 
4.0618571682777125 6.591545118155977 
4.1253236865320515 6.610410245719259 
4.188790204786391 6.63071241743159 
4.25225672304073 6.6521381483601 
4.3157232412950695 6.674377011134692 
4.3791897595494085 6.697127006203723 
4.442656277803748 6.72009955745701 
4.506122796058087 6.7430240435949464 
4.569589314312426 6.7656517951676385 
4.6330558325667655 6.7877595067172045 
4.696522350821105 6.809152031916534 
4.759988869075444 6.8296645462422765 
4.823455387329783 6.849164076054685 
4.886921905584122 6.867550404754193 
4.950388423838462 6.884756375951485 
5.013854942092801 6.900747620522946 
5.07732146034714 6.915521739360843 
5.14078797860148 6.929106976985033 
5.204254496855819 6.941560423410658 
5.267721015110158 6.9529657832064835 
5.331187533364497 6.963430751932447 
5.394654051618837 6.973084041449532 
5.458120569873176 6.982072097207725 
5.521587088127515 6.990555552706596 
5.585053606381854 6.998705468964469 
5.648520124636194 7.006699410009103 
5.711986642890533 7.014717409009752 
5.775453161144872 7.022937883518895 
5.838919679399211 7.031533562119794 
5.902386197653551 7.040667488262117 
5.96585271590789 7.050489169848213 
6.029319234162229 7.0611309448235104 
6.092785752416569 7.072704633248302 
6.156252270670908 7.085298544743119 
6.219718788925247 7.098974906531947 
6.283185307179586 7.113767771380496 
0.0 8.10163852426209 
0.06346651825433926 8.115856883559902 
0.12693303650867852 8.131044632599934 
0.1903995547630178 8.14714547133765 
0.25386607301735703 8.164075918094563 
0.3173325912716963 8.181726118328092 
0.3807991095260356 8.199961166567096 
0.4442656277803748 8.21862291377459 
0.5077321460347141 8.237532221192062 
0.5711986642890533 8.25649161185903 
0.6346651825433925 8.275288262871396 
0.6981317007977318 8.293697275323296 
0.7615982190520711 8.311485154928945 
0.8250647373064104 8.328413434575422 
0.8885312555607496 8.344242370423157 
0.9519977738150889 8.358734645448347 
1.0154642920694281 8.371659018225081 
1.0789308103237674 8.382793859929944 
1.1423973285781066 8.391930528645016 
1.2058638468324459 8.398876536661689 
1.269330365086785 8.403458473297102 
1.3327968833411243 8.405524652419475 
1.3962634015954636 8.404947460187127 
1.4597299198498028 8.401625384250732 
1.5231964381041423 8.39548471072631 
1.5866629563584815 8.38648087955622 
1.6501294746128208 8.3745994924303 
1.71359599286716 8.35985697027962 
1.7770625111214993 8.342300859558236 
1.8405290293758385 8.322009788199553 
1.9039955476301778 8.299093073398966 
1.967462065884517 8.2736899843717 
2.0309285841388562 8.245968664109887 
2.0943951023931957 8.216124715063359 
2.1578616206475347 8.184379454740522 
2.221328138901874 8.150977848609504 
2.284794657156213 8.11618612950694 
2.3482611754105527 8.080289115150148 
2.4117276936648917 8.043587238397219 
2.475194211919231 8.006393308682894 
2.53866073017357 7.969029027617123 
2.6021272484279097 7.931821287067837 
2.6655937666822487 7.895098284108393 
2.729060284936588 7.859185493882015 
2.792526803190927 7.824401548540825 
2.8559933214452666 7.791054077701859 
2.9194598396996057 7.759435572998661 
2.982926357953945 7.729819345895178 
3.0463928762082846 7.7024556535114534 
3.1098593944626236 7.677568071292525 
3.173325912716963 7.65535019342935 
3.236792430971302 7.635962741538775 
3.3002589492256416 7.619531158827485 
3.3637254674799806 7.606143760519985 
3.42719198573432 7.595850501605152 
3.490658503988659 7.588662410031485 
3.5541250222429985 7.584551717663341 
3.6175915404973376 7.583452703131864 
3.681058058751677 7.585263240917313 
3.744524577006016 7.58984703049431 
3.8079910952603555 7.597036459173986 
3.8714576135146945 7.606636033430505 
3.934924131769034 7.618426296988627 
3.998390650023373 7.632168140616584 
4.0618571682777125 7.647607399043796 
4.1253236865320515 7.66447962507114 
4.188790204786391 7.682514929841118 
4.25225672304073 7.70144278118365 
4.3157232412950695 7.72099665850018 
4.3791897595494085 7.740918472152307 
4.442656277803748 7.760962667016718 
4.506122796058087 7.780899942943872 
4.569589314312426 7.800520538524569 
4.6330558325667655 7.819637038119631 
4.696522350821105 7.83808667496342 
4.759988869075444 7.8557331148823835 
4.823455387329783 7.872467715506408 
4.886921905584122 7.888210264674748 
4.950388423838462 7.902909209064853 
5.013854942092801 7.9165413900215205 
5.07732146034714 7.929111308331921 
5.14078797860148 7.940649943520961 
5.204254496855819 7.951213156390881 
5.267721015110158 7.960879706252295 
5.331187533364497 7.969748916818949 
5.394654051618837 7.977938027252243 
5.458120569873176 7.985579267479951 
5.521587088127515 7.992816699754089 
5.585053606381854 7.999802871471483 
5.648520124636194 8.006695327510615 
5.711986642890533 8.013653033632941 
5.775453161144872 8.020832765694621 
5.838919679399211 8.02838552230601 
5.902386197653551 8.036453020917577 
5.96585271590789 8.045164338836223 
6.029319234162229 8.05463276111661 
6.092785752416569 8.064952896376452 
6.156252270670908 8.076198119139118 
6.219718788925247 8.088418393159003 
6.283185307179586 8.10163852426209 
0.0 9.09196729479471 
0.06346651825433926 9.104815302145678 
0.12693303650867852 9.118530951375131 
0.1903995547630178 9.133059885015356 
0.25386607301735703 9.14832350175077 
0.3173325912716963 9.16421972936635 
0.3807991095260356 9.180624247567918 
0.4442656277803748 9.197392136018227 
0.5077321460347141 9.21435991369975 
0.5711986642890533 9.231347927588356 
0.6346651825433925 9.248163041882272 
0.6981317007977318 9.264601573881581 
0.7615982190520711 9.280452419169098 
0.8250647373064104 9.295500307026643 
0.8885312555607496 9.3095291269652 
0.9519977738150889 9.322325268709431 
1.0154642920694281 9.333680920749979 
1.0789308103237674 9.343397276411803 
1.1423973285781066 9.351287601009961 
1.2058638468324459 9.35718011880071 
1.269330365086785 9.360920683822727 
1.3327968833411243 9.362375204127762 
1.3962634015954636 9.361431794126187 
1.4597299198498028 9.358002634670433 
1.5231964381041423 9.352025524963306 
1.5866629563584815 9.343465114350328 
1.6501294746128208 9.33231380551834 
1.71359599286716 9.318592323596722 
1.7770625111214993 9.302349948193543 
1.8405290293758385 9.283664407571058 
1.9039955476301778 9.262641436066946 
1.967462065884517 9.239413997603693 
2.0309285841388562 9.214141179811033 
2.0943951023931957 9.187006765028954 
2.1578616206475347 9.158217486372278 
2.221328138901874 9.128000979226584 
2.284794657156213 9.096603441100905 
2.3482611754105527 9.064287015760863 
2.4117276936648917 9.031326921059446 
2.475194211919231 8.998008343896984 
2.53866073017357 8.964623130267297 
2.6021272484279097 8.931466303334608 
2.6655937666822487 8.89883244783956 
2.729060284936588 8.86701200470738 
2.792526803190927 8.836287525328625 
2.8559933214452666 8.80692994035376 
2.9194598396996057 8.779194902691593 
2.982926357953945 8.753319268396368 
3.0463928762082846 8.729517781916757 
3.1098593944626236 8.707980033409623 
3.173325912716963 8.688867755165505 
3.236792430971302 8.672312521379302 
3.3002589492256416 8.658413910341217 
3.3637254674799806 8.647238180544782 
3.42719198573432 8.638817502271888 
3.490658503988659 8.633149774129357 
3.5541250222429985 8.63019904014137 
3.6175915404973376 8.629896507850162 
3.681058058751677 8.632142152064558 
3.744524577006016 8.636806873118484 
3.8079910952603555 8.643735163486062 
3.8714576135146945 8.652748223046707 
3.934924131769034 8.663647451825021 
3.998390650023373 8.676218240141454 
4.0618571682777125 8.690233970133198 
4.1253236865320515 8.705460139689633 
4.188790204786391 8.721658519954019 
4.25225672304073 8.738591260461275 
4.3157232412950695 8.756024861353058 
4.3791897595494085 8.773733939472729 
4.442656277803748 8.79150472396971 
4.506122796058087 8.809138226795678 
4.569589314312426 8.826453043639855 
4.6330558325667655 8.84328775097367 
4.696522350821105 8.85950287458551 
4.759988869075444 8.874982414010265 
4.823455387329783 8.889634915421693 
4.886921905584122 8.903394092778246 
4.950388423838462 8.916219003296298 
5.013854942092801 8.928093788736907 
5.07732146034714 8.939026998647536 
5.14078797860148 8.949050515742615 
5.204254496855819 8.958218107191078 
5.267721015110158 8.966603628855458 
5.331187533364497 8.97429891262901 
5.394654051618837 8.981411370049813 
5.458120569873176 8.988061348403878 
5.521587088127515 8.994379278591678 
5.585053606381854 9.000502657110284 
5.648520124636194 9.006572907537851 
5.711986642890533 9.01273216979869 
5.775453161144872 9.019120068098564 
5.838919679399211 9.025870510583603 
5.902386197653551 9.033108575304722 
5.96585271590789 9.040947537766293 
6.029319234162229 9.049486095012217 
6.092785752416569 9.058805839684767 
6.156252270670908 9.068969034648616 
6.219718788925247 9.08001673452313 
6.283185307179586 9.09196729479471 
