  -5.0000000000000000      -0.21399737401197683        8.8957718180195655E-002   5.3972218143483949E-003 -0.19510356744441856        2.6014054592361662E-003   3.9348826275015774E-003
  -4.5000000000000000      -0.25822661526621060        8.0459231938576639E-002   3.2342315031332738E-002 -0.23490105851477855       -2.9761336240371034E-003  -1.9914107837777723E-002
  -4.0000000000000000      -0.32450836059528815       0.11067701759619472       -1.4635484196365385E-003 -0.22236222344534740       -5.5357017662813392E-003  -8.1702473058559051E-003
  -3.5000000000000000      -0.37551919324316119       0.12563001780885316       -2.0184318432637245E-002 -0.21463243944625826       -8.5805793073396204E-003   2.0427434308745628E-002
  -3.0000000000000000      -0.46228838180516313       0.18731427436246914        3.1382786049329183E-004 -0.26862069345537692       -5.0299814904552313E-002   1.2415706953629448E-002
  -2.5000000000000000      -0.56241212943397967       0.25092493755925122       -2.3658705772533956E-002 -0.36867387222819847       -9.8286015620781125E-002  -3.0666486281748936E-003
  -2.0000000000000000      -0.82648970573747482       0.28598114292489690       -3.0170333573755051E-004 -0.36448923376543524      -0.13424703109730224        2.3223897659424741E-002
  -1.5000000000000000       -1.2382725444587914       0.38156707601541989        2.5905497266315264E-003 -0.26589931447428283      -0.32858066495455063        6.4518356700227361E-002
  -1.0000000000000000       -1.7518784589256906        7.6406532047152823E-002  0.15836635334719085       0.51815499307816593      -0.63913505430593975        4.3953889344393857E-002
 -0.50000000000000000       -1.2611531857801159      -0.36275488717065263        7.7945599484738944E-003   1.7399969137306674      -0.30714235289540009      -0.10237761784197050     
   0.0000000000000000       -4.0543269953448195E-002  -5.6639486748017713E-002  -1.1443810851024722E-002   2.0193805920542185       -2.9318845902421575E-002  -3.6822401089257467E-002
  0.50000000000000000       0.47019997430971916       -9.0923895104613447E-002  -5.0929359157831040E-002   1.2417156115780912      -0.23001161374948928       -1.4244516093015433E-002
   1.0000000000000000       0.44224469348748813      -0.18994372906971602       -3.3080101751444393E-002  0.83040466382359956      -0.18789867672529745        7.0408175715839724E-003
   1.5000000000000000       0.36294391943719034      -0.17784810743502430       -1.7221080804027455E-002  0.59424176221979619      -0.11674178428299614        1.1950413498424016E-002
   2.0000000000000000       0.29872030992863186      -0.14916039866010061        4.6071731403352347E-003  0.47345397588476107       -9.5015617219317519E-002   2.5239742463846557E-003
   2.5000000000000000       0.29168440346023683      -0.15459925083456530        1.1747263897389618E-002  0.38017844899608544       -6.9058605250204005E-002   1.1844650633719280E-002
   3.0000000000000000       0.25314687508360811      -0.13652320374971372        1.3950596820264480E-002  0.32274666008697034       -4.0396419843575365E-002  -1.5701430236829219E-003
   3.5000000000000000       0.20933477793083774      -0.13479438011102512       -7.7073949521710523E-003  0.28004845248797439       -4.5897543672034698E-002  -8.2190437892227606E-003
   4.0000000000000000       0.19800084873479873      -0.12554451487182766        7.6351787967463723E-003  0.27270508220749368       -1.9192467743526689E-002   1.2691965577012842E-002
