-3.000000000000000000e+00 -2.752409238943622327e+00 4.809928039275201961e-01
-2.899999999999999911e+00 -2.678627143985858883e+00 2.255301391949814105e-01
-2.799999999999999822e+00 -2.802892394594430847e+00 2.719992582351608568e-01
-2.699999999999999734e+00 -2.643008207994891556e+00 5.023270939507252786e-01
-2.599999999999999645e+00 -2.826461490474263094e+00 6.284871848660278371e-01
-2.499999999999999556e+00 -2.822437788043398399e+00 8.206476694166057184e-01
-2.399999999999999467e+00 -2.792265697417408266e+00 2.737013560847399440e-01
-2.299999999999999378e+00 -2.710822493552781598e+00 7.990395090476400952e-01
-2.199999999999999289e+00 -2.627413760230941531e+00 2.894320766625285146e-01
-2.099999999999999201e+00 -2.643598992280142390e+00 2.905588812689412492e-01
-1.999999999999999112e+00 -2.845279266376067984e+00 5.950739816921726266e-01
-1.899999999999999023e+00 -2.821581616586595231e+00 8.794154024111727752e-01
-1.799999999999998934e+00 -3.066966072278296096e+00 3.662836799662184672e-01
-1.699999999999998845e+00 -2.809270735219590698e+00 6.900358165153616108e-01
-1.599999999999998757e+00 -2.726553577576854792e+00 3.359348424832354629e-01
-1.499999999999998668e+00 -2.670036948117449072e+00 3.622504363674196037e-01
-1.399999999999998579e+00 -2.615303848223551775e+00 3.361466527376458790e-01
-1.299999999999998490e+00 -2.782383544113670837e+00 4.127456717067878866e-01
-1.199999999999998401e+00 -2.679053659333277881e+00 2.338387416910778227e-01
-1.099999999999998312e+00 -2.724226361467307900e+00 4.194493217365717896e-01
-9.999999999999982236e-01 -2.455433937004414702e+00 2.158523144272903593e-01
-8.999999999999981348e-01 -2.757572239885637266e+00 3.425972916655928846e-01
-7.999999999999980460e-01 -2.737093500374425226e+00 2.663708914198548716e-01
-6.999999999999979572e-01 -2.817891512564577816e+00 2.525127114261490058e-01
-5.999999999999978684e-01 -2.756364736745775534e+00 1.487250534242837985e-01
-4.999999999999977796e-01 -2.848631969289596277e+00 3.006357037898123585e-01
-3.999999999999976907e-01 -2.989532670094761091e+00 4.670511009640024996e-02
-2.999999999999976019e-01 -3.434188760612212121e+00 3.533993458449403713e-01
-1.999999999999975131e-01 -3.468696534739493575e+00 3.041340747397070499e-01
-9.999999999999742428e-02 -3.722260690839097830e+00 1.327446706817249078e-01
2.664535259100375697e-15 -5.213303854572778562e+00 7.136053383012502804e-02
1.000000000000027534e-01 -4.092060796902392994e+00 5.818479151892924639e-01
2.000000000000028422e-01 -3.489269290755705466e+00 3.402516281482161897e-01
3.000000000000029310e-01 -3.333460262733407120e+00 3.483894767668225811e-01
4.000000000000030198e-01 -3.349563382645484477e+00 4.739285722168347648e-01
5.000000000000031086e-01 -3.273249535587751780e+00 8.888675596809207935e-01
6.000000000000031974e-01 -3.131232663162846652e+00 3.850437348913477997e-01
7.000000000000032863e-01 -3.175799590304140718e+00 4.221776523410636361e-01
8.000000000000033751e-01 -3.107699533914980883e+00 4.457581537655669335e-01
9.000000000000034639e-01 -3.124586809556818778e+00 3.467448916443857665e-01
1.000000000000003553e+00 -3.006677209499232895e+00 4.601915462241543131e-01
1.100000000000003197e+00 -3.157955197794050761e+00 5.738015119860875313e-01
1.200000000000003730e+00 -2.948230387593543167e+00 2.445277865670737738e-01
1.300000000000004263e+00 -3.100675273570129509e+00 1.308205208313959256e+00
1.400000000000003908e+00 -2.884256928935670317e+00 4.204432247019390667e-01
1.500000000000003553e+00 -2.817167538429165674e+00 4.854524712581247958e-01
1.600000000000004086e+00 -2.934108354220458903e+00 6.330745343096961797e-01
1.700000000000004619e+00 -2.940559576971155664e+00 4.881604343786238864e-01
1.800000000000004263e+00 -2.951993657817702399e+00 8.564171261958235526e-01
1.900000000000003908e+00 -2.890660078381993792e+00 3.335481856421427804e-01
2.000000000000004441e+00 -2.911827476924430780e+00 2.799486942758026009e-01
