-3.000000000000000000e+00 -1.387372171289658895e-01 1.685924046272796678e-03
-2.899999999999999911e+00 -1.330624593092718799e-01 3.278087520125541870e-04
-2.799999999999999822e+00 -1.267491215512947800e-01 9.147994274693181833e-04
-2.699999999999999734e+00 -1.213776021568570701e-01 1.480400486699143866e-03
-2.599999999999999645e+00 -1.156965814416924115e-01 7.126976057500807211e-04
-2.499999999999999556e+00 -1.076964760175156827e-01 1.714385450752328602e-03
-2.399999999999999467e+00 -1.033508066245751728e-01 8.893724162847570268e-04
-2.299999999999999378e+00 -9.550625487190471385e-02 4.611343392265254844e-04
-2.199999999999999289e+00 -8.840204230235491900e-02 4.529211864300156944e-04
-2.099999999999999201e+00 -8.525548332843209398e-02 3.118637181453543330e-04
-1.999999999999999112e+00 -7.734042026636001044e-02 5.164058167052438522e-04
-1.899999999999999023e+00 -7.350675251249975950e-02 9.086643771016312795e-04
-1.799999999999998934e+00 -6.795484126720011120e-02 1.064941713173026298e-03
-1.699999999999998845e+00 -6.744576924667088080e-02 3.391465515487814410e-04
-1.599999999999998757e+00 -6.893437571617498649e-02 3.295408089576651431e-04
-1.499999999999998668e+00 -7.169238570857287829e-02 1.820343441219846340e-03
-1.399999999999998579e+00 -8.030310293582122727e-02 2.945080011748250470e-03
-1.299999999999998490e+00 -9.502107446526804335e-02 3.024144237088145001e-03
-1.199999999999998401e+00 -1.167285115350404773e-01 3.371343332761548087e-03
-1.099999999999998312e+00 -1.464483408832188971e-01 3.766242959843018375e-03
-9.999999999999982236e-01 -1.896612921147699804e-01 3.024531591903102494e-03
-8.999999999999981348e-01 -2.486011260075884077e-01 2.118096015180717228e-03
-7.999999999999980460e-01 -3.259525225440070284e-01 1.486308108496792050e-03
-6.999999999999979572e-01 -4.258570855999821991e-01 1.140113919919428555e-04
-5.999999999999978684e-01 -5.543398176160471147e-01 5.683710682349083073e-04
-4.999999999999977796e-01 -7.171411587021169209e-01 1.638276538445024549e-04
-3.999999999999976907e-01 -9.233318401629632133e-01 6.557457381499378788e-04
-2.999999999999976019e-01 -1.190482037141454175e+00 9.442269877860471261e-04
-1.999999999999975131e-01 -1.564518400568737144e+00 4.876956387600107391e-03
-9.999999999999742428e-02 -2.193881216018112923e+00 1.628149760656453712e-02
2.664535259100375697e-15 -1.502884032976180251e+01 0.000000000000000000e+00
1.000000000000027534e-01 -2.262036228208267996e+00 3.269924751966522131e-02
2.000000000000028422e-01 -1.684471725409580234e+00 1.123652192630887788e-02
3.000000000000029310e-01 -1.368118530550632928e+00 8.230762036801267736e-03
4.000000000000030198e-01 -1.152539471147450811e+00 3.649174307466970541e-03
5.000000000000031086e-01 -1.002994741820498081e+00 8.953855748566246029e-04
6.000000000000031974e-01 -8.895982269771881557e-01 1.808506208701738706e-03
7.000000000000032863e-01 -8.076074288324905925e-01 1.800338617615686310e-03
8.000000000000033751e-01 -7.384564443778902643e-01 1.539457923657855864e-03
9.000000000000034639e-01 -6.877875699727393766e-01 5.542312743051824907e-04
1.000000000000003553e+00 -6.510143951660123385e-01 3.964474483502575491e-04
1.100000000000003197e+00 -6.190475096935602606e-01 1.696356976602524319e-03
1.200000000000003730e+00 -5.919568063736022623e-01 2.322445011587465167e-03
1.300000000000004263e+00 -5.695313568042061902e-01 1.350885106993730952e-03
1.400000000000003908e+00 -5.485425618019561522e-01 2.110218168189232149e-03
1.500000000000003553e+00 -5.332497143815871921e-01 1.410499538859167094e-03
1.600000000000004086e+00 -5.186643425787134110e-01 2.140551475277451595e-03
1.700000000000004619e+00 -5.071045649911551934e-01 6.190959385435802634e-04
1.800000000000004263e+00 -4.965348315737161400e-01 4.901589936824945343e-03
1.900000000000003908e+00 -4.862033567544580270e-01 3.055738290626781113e-04
2.000000000000004441e+00 -4.784948699944048811e-01 1.287493244565822903e-03
