-3.000000000000000000e+00 -2.436717279327917041e+00 2.325126679047617717e-01
-2.899999999999999911e+00 -2.229213318755873363e+00 8.012919186324776732e-02
-2.799999999999999822e+00 -2.350931519867804464e+00 9.607421507071366162e-02
-2.699999999999999734e+00 -2.451950701721506753e+00 3.235408312816143162e-01
-2.599999999999999645e+00 -2.133030974900273602e+00 1.273109946171862850e-01
-2.499999999999999556e+00 -2.030734541765349288e+00 1.325725146758547357e-01
-2.399999999999999467e+00 -2.088092165766802566e+00 5.408831068374318068e-02
-2.299999999999999378e+00 -1.978881883916028483e+00 1.481247547152013955e-01
-2.199999999999999289e+00 -1.921036129944238668e+00 5.690743753810018762e-02
-2.099999999999999201e+00 -1.980855956943105234e+00 6.316712624627357497e-02
-1.999999999999999112e+00 -1.888434859327688065e+00 6.572438864166703365e-02
-1.899999999999999023e+00 -1.785968065032200514e+00 8.101781310436054206e-02
-1.799999999999998934e+00 -1.803624656356198841e+00 1.997451085297361970e-02
-1.699999999999998845e+00 -1.734477960513225003e+00 5.808698817759295335e-02
-1.599999999999998757e+00 -1.602427089454405040e+00 2.524227897487042738e-02
-1.499999999999998668e+00 -1.572369953586215452e+00 2.892956628861918095e-02
-1.399999999999998579e+00 -1.491856667814876136e+00 2.529773335087070682e-02
-1.299999999999998490e+00 -1.433662386482508433e+00 1.849104136213199773e-02
-1.199999999999998401e+00 -1.403398863818093423e+00 1.239543207583451885e-02
-1.099999999999998312e+00 -1.401571340227790952e+00 1.995374763715978411e-02
-9.999999999999982236e-01 -1.416569665440955195e+00 1.973751340972843688e-02
-8.999999999999981348e-01 -1.490930733981481682e+00 1.854139557354385001e-02
-7.999999999999980460e-01 -1.552440684672182103e+00 1.741141024386610656e-02
-6.999999999999979572e-01 -1.652981553076528387e+00 1.727321925831463295e-02
-5.999999999999978684e-01 -1.764560663472547475e+00 1.515584169402822180e-02
-4.999999999999977796e-01 -1.929089030813040395e+00 3.618242062706270024e-02
-3.999999999999976907e-01 -2.160469464542301044e+00 6.923109402564945995e-03
-2.999999999999976019e-01 -2.324024782291537417e+00 2.742216647004169436e-02
-1.999999999999975131e-01 -2.684616973263134199e+00 5.000178623699523539e-02
-9.999999999999742428e-02 -3.325910612394465282e+00 5.329261315254788661e-02
2.664535259100375697e-15 -5.758775372606794285e+00 2.505703088324172101e-01
1.000000000000027534e-01 -3.103477947021601402e+00 5.973469253763447062e-02
2.000000000000028422e-01 -2.615304372850483894e+00 4.548155389723442660e-02
3.000000000000029310e-01 -2.306983193951103406e+00 3.277841577662553990e-02
4.000000000000030198e-01 -2.219542104012591555e+00 3.513108910275253294e-02
5.000000000000031086e-01 -2.113564765878226392e+00 6.153926241549560749e-02
6.000000000000031974e-01 -2.132525982841420920e+00 3.861920959473369441e-02
7.000000000000032863e-01 -2.043567694547068214e+00 3.113603772363189581e-02
8.000000000000033751e-01 -2.100300127852301912e+00 4.382277650373365280e-02
9.000000000000034639e-01 -2.095688671964204719e+00 3.244232226513495132e-02
1.000000000000003553e+00 -2.049257998867259900e+00 5.075974430487627947e-02
1.100000000000003197e+00 -2.057183516038117777e+00 4.549775906306609274e-02
1.200000000000003730e+00 -2.126655238163912554e+00 3.687678635815932332e-02
1.300000000000004263e+00 -2.157836138522683633e+00 1.492233339562673011e-01
1.400000000000003908e+00 -2.226012446538617517e+00 9.235552383979596380e-02
1.500000000000003553e+00 -2.249221970496891654e+00 1.312807799791689822e-01
1.600000000000004086e+00 -2.266365252309654466e+00 1.360541339826555896e-01
1.700000000000004619e+00 -2.415636205074105369e+00 1.457602836769860966e-01
1.800000000000004263e+00 -2.399837324209815215e+00 2.401756694515913282e-01
1.900000000000003908e+00 -2.323110771191556623e+00 9.028368470693308445e-02
2.000000000000004441e+00 -2.464948735422935133e+00 1.000459942846353423e-01
