t	ldf	mean	var	multiplicity
0.500000	1.178088	-29.604762	7.626735	305304.000000
1.000000	1.211475	-30.530553	12.208369	292969.000000
1.500000	1.226446	-30.984801	16.262724	280620.000000
2.000000	1.232481	-31.214165	20.396151	268469.000000
2.500000	1.235223	-31.368500	24.784343	256800.000000
3.000000	1.236461	-31.486163	29.457869	245489.000000
3.500000	1.236716	-31.587703	34.472001	234562.000000
4.000000	1.235666	-31.660213	39.829582	224109.000000
4.500000	1.234360	-31.734140	45.551987	213934.000000
5.000000	1.233374	-31.815437	51.822049	204250.000000
5.500000	1.232055	-31.897788	58.399146	194995.000000
6.000000	1.230711	-31.984093	65.539189	186063.000000
6.500000	1.229262	-32.076426	73.206978	177282.000000
7.000000	1.227964	-32.176123	81.484444	169069.000000
7.500000	1.227089	-32.297521	90.668727	161063.000000
8.000000	1.225932	-32.420711	100.496959	153364.000000
8.500000	1.225084	-32.558846	111.113433	145794.000000
9.000000	1.224255	-32.709622	122.926099	138595.000000
9.500000	1.223672	-32.876215	135.967399	131634.000000
10.000000	1.223358	-33.060056	149.806058	124899.000000
10.500000	1.223212	-33.256106	164.559340	118318.000000
11.000000	1.223233	-33.464085	180.754932	112093.000000
11.500000	1.223560	-33.700100	198.286477	105803.000000
12.000000	1.223973	-33.942689	216.880843	99881.000000
12.500000	1.224555	-34.203195	236.423758	94023.000000
13.000000	1.225286	-34.475406	257.176539	88587.000000
13.500000	1.226146	-34.762822	279.086034	83355.000000
14.000000	1.227201	-35.069894	301.821766	78163.000000
14.500000	1.228440	-35.384713	325.419127	73273.000000
15.000000	1.229971	-35.724104	349.648048	68560.000000
15.500000	1.231722	-36.080723	374.947108	64147.000000
16.000000	1.233566	-36.442224	400.042115	59859.000000
16.500000	1.235687	-36.821565	425.002378	55770.000000
17.000000	1.237904	-37.210078	450.401976	51868.000000
17.500000	1.240312	-37.610383	474.819370	48219.000000
18.000000	1.242860	-38.025442	499.082653	44695.000000
18.500000	1.245591	-38.445884	522.070011	41311.000000
19.000000	1.248530	-38.875115	543.579984	38077.000000
19.500000	1.251514	-39.300441	563.487599	35078.000000
20.000000	1.254683	-39.734457	583.724373	32288.000000
20.500000	1.257913	-40.170058	603.433970	29666.000000
21.000000	1.261335	-40.614551	621.740333	27109.000000
21.500000	1.264777	-41.050613	639.838086	24866.000000
22.000000	1.268265	-41.492014	656.980931	22782.000000
22.500000	1.271881	-41.930563	672.909852	20819.000000
23.000000	1.275690	-42.377850	688.106371	18975.000000
23.500000	1.279433	-42.818909	702.605049	17321.000000
24.000000	1.283424	-43.265969	716.197317	15826.000000
24.500000	1.287374	-43.702228	729.276783	14442.000000
25.000000	1.291327	-44.133783	741.972302	13123.000000
25.500000	1.295323	-44.560630	752.396998	12000.000000
26.000000	1.299514	-44.989258	761.883434	10956.000000
26.500000	1.303584	-45.410418	770.046405	9969.000000
27.000000	1.307671	-45.828992	775.529998	9066.000000
27.500000	1.311833	-46.239983	781.280060	8209.000000
28.000000	1.315944	-46.635213	785.516199	7454.000000
28.500000	1.320137	-47.036648	788.016024	6794.000000
29.000000	1.324329	-47.428941	789.566271	6201.000000
29.500000	1.328454	-47.805422	789.985837	5647.000000
30.000000	1.332611	-48.180655	790.176636	5157.000000
30.500000	1.336761	-48.551394	789.478644	4704.000000
31.000000	1.340832	-48.918186	786.598978	4288.000000
31.500000	1.344876	-49.270143	783.211689	3923.000000
32.000000	1.348883	-49.608196	781.647952	3618.000000
32.500000	1.352795	-49.948241	778.361489	3294.000000
33.000000	1.356704	-50.273381	775.482039	3035.000000
33.500000	1.360587	-50.595555	771.766248	2793.000000
34.000000	1.364442	-50.910804	768.486915	2577.000000
34.500000	1.368241	-51.216631	764.374940	2347.000000
35.000000	1.372030	-51.515855	757.721304	2125.000000
35.500000	1.375833	-51.807743	751.087867	1963.000000
36.000000	1.379509	-52.089618	746.471161	1815.000000
36.500000	1.383176	-52.365986	741.872006	1664.000000
37.000000	1.386816	-52.630394	737.332796	1542.000000
37.500000	1.390394	-52.891442	732.555435	1406.000000
38.000000	1.393870	-53.145041	729.460310	1294.000000
38.500000	1.397362	-53.394579	725.256477	1201.000000
39.000000	1.400809	-53.635221	723.145426	1128.000000
39.500000	1.404256	-53.875729	719.794049	1047.000000
40.000000	1.407630	-54.104353	719.120430	973.000000
40.500000	1.410946	-54.330031	719.149244	892.000000
41.000000	1.414244	-54.560739	718.916301	837.000000
41.500000	1.417435	-54.780707	720.279081	773.000000
42.000000	1.420623	-54.995013	722.866783	724.000000
42.500000	1.423746	-55.208223	727.450858	684.000000
43.000000	1.426876	-55.421174	731.200338	644.000000
43.500000	1.429970	-55.633789	737.187736	611.000000
44.000000	1.432986	-55.843235	744.327664	580.000000
44.500000	1.435953	-56.056754	751.728847	543.000000
45.000000	1.438800	-56.266309	758.263469	508.000000
45.500000	1.441602	-56.470998	765.394918	474.000000
46.000000	1.444401	-56.679659	772.690473	446.000000
46.500000	1.447202	-56.885807	780.779453	425.000000
47.000000	1.449953	-57.095166	786.950430	395.000000
47.500000	1.452650	-57.298015	792.435528	373.000000
48.000000	1.455312	-57.494215	795.471385	348.000000
48.500000	1.457905	-57.689345	796.609450	329.000000
49.000000	1.460464	-57.869814	797.691490	308.000000
49.500000	1.462987	-58.046521	798.097350	289.000000
50.000000	1.465411	-58.221986	793.533396	280.000000
50.500000	1.467781	-58.384166	789.695574	266.000000
51.000000	1.470118	-58.539878	784.844114	259.000000
51.500000	1.472351	-58.681372	777.321520	242.000000
52.000000	1.474525	-58.813716	770.158180	228.000000
52.500000	1.476664	-58.937553	760.515304	213.000000
53.000000	1.478736	-59.049699	753.439914	207.000000
53.500000	1.480771	-59.156346	744.680604	199.000000
54.000000	1.482749	-59.257572	736.122215	191.000000
54.500000	1.484641	-59.354731	726.259777	179.000000
55.000000	1.486517	-59.442710	718.075217	173.000000
55.500000	1.488279	-59.522706	709.809258	168.000000
56.000000	1.489991	-59.599131	702.747153	164.000000
56.500000	1.491683	-59.672380	694.351473	159.000000
57.000000	1.493299	-59.740432	687.561973	151.000000
57.500000	1.494930	-59.804381	682.750889	147.000000
58.000000	1.496520	-59.867248	677.820747	144.000000
58.500000	1.498068	-59.929587	671.961193	141.000000
59.000000	1.499594	-59.988549	667.316466	133.000000
59.500000	1.501109	-60.046118	664.302676	130.000000
60.000000	1.502574	-60.098741	661.539712	124.000000
60.500000	1.503957	-60.148401	658.854188	121.000000
61.000000	1.505346	-60.197257	655.122852	119.000000
61.500000	1.506692	-60.238827	653.423869	117.000000
62.000000	1.508008	-60.282623	651.132546	115.000000
62.500000	1.509276	-60.322243	648.733354	114.000000
63.000000	1.510559	-60.361678	646.656711	109.000000
63.500000	1.511783	-60.402801	644.078343	106.000000
64.000000	1.513008	-60.441281	641.684018	97.000000
64.500000	1.514213	-60.482655	638.063975	91.000000
65.000000	1.515396	-60.519845	635.383760	88.000000
65.500000	1.516523	-60.552851	635.255766	86.000000
66.000000	1.517625	-60.590109	633.420967	86.000000
66.500000	1.518739	-60.626258	632.980336	84.000000
67.000000	1.519805	-60.663762	631.924528	83.000000
67.500000	1.520841	-60.697265	632.002120	81.000000
68.000000	1.521912	-60.736108	631.075047	80.000000
68.500000	1.522942	-60.773047	631.715602	77.000000
69.000000	1.523961	-60.809337	632.603488	74.000000
69.500000	1.524977	-60.845890	634.349205	69.000000
70.000000	1.525953	-60.884986	636.669829	68.000000
70.500000	1.526924	-60.922440	639.824261	66.000000
71.000000	1.527897	-60.965238	642.100439	65.000000
71.500000	1.528815	-61.006301	645.352318	63.000000
72.000000	1.529751	-61.048872	648.788478	62.000000
72.500000	1.530660	-61.090588	653.244525	60.000000
73.000000	1.531567	-61.136851	656.377161	57.000000
73.500000	1.532469	-61.184126	659.349853	53.000000
74.000000	1.533353	-61.228183	663.458766	53.000000
74.500000	1.534250	-61.276358	667.066595	50.000000
75.000000	1.535129	-61.322212	669.206385	46.000000
75.500000	1.535978	-61.366843	673.941148	44.000000
76.000000	1.536822	-61.414564	676.649864	43.000000
76.500000	1.537712	-61.466498	680.880806	41.000000
77.000000	1.538562	-61.520940	682.747299	40.000000
77.500000	1.539418	-61.569866	685.428651	40.000000
78.000000	1.540254	-61.621306	687.854255	40.000000
78.500000	1.541069	-61.671954	690.434051	39.000000
79.000000	1.541868	-61.718118	693.033231	38.000000
79.500000	1.542645	-61.768613	695.512254	37.000000
80.000000	1.543440	-61.820354	698.611986	35.000000
80.500000	1.544223	-61.870468	701.364467	35.000000
81.000000	1.544997	-61.921332	703.074334	33.000000
81.500000	1.545780	-61.969350	705.825976	33.000000
82.000000	1.546564	-62.022197	708.150972	33.000000
82.500000	1.547357	-62.076190	710.577367	31.000000
83.000000	1.548092	-62.124852	714.614437	31.000000
83.500000	1.548891	-62.176050	717.947776	29.000000
84.000000	1.549660	-62.229438	721.103942	29.000000
84.500000	1.550425	-62.285418	722.687525	29.000000
85.000000	1.551208	-62.338115	723.604914	27.000000
85.500000	1.551993	-62.394401	724.251849	27.000000
86.000000	1.552803	-62.446680	723.586777	27.000000
86.500000	1.553594	-62.503018	719.963132	27.000000
87.000000	1.554427	-62.558021	716.865029	27.000000
87.500000	1.555276	-62.611086	711.373662	27.000000
88.000000	1.556129	-62.661817	705.746505	27.000000
88.500000	1.556987	-62.712616	697.537550	26.000000
89.000000	1.557832	-62.758231	689.007122	26.000000
89.500000	1.558696	-62.805470	677.417012	26.000000
90.000000	1.559547	-62.846682	665.676281	26.000000
90.500000	1.560387	-62.885674	653.719349	26.000000
91.000000	1.561234	-62.921463	641.887826	25.000000
91.500000	1.562067	-62.958092	628.807944	24.000000
92.000000	1.562896	-62.991020	613.667628	23.000000
92.500000	1.563767	-63.024838	598.714638	23.000000
93.000000	1.564612	-63.059016	583.131400	23.000000
93.500000	1.565488	-63.089480	567.937469	21.000000
94.000000	1.566343	-63.116978	553.270217	21.000000
94.500000	1.567195	-63.138340	539.990048	21.000000
95.000000	1.568058	-63.159562	527.636346	21.000000
95.500000	1.568853	-63.180116	514.400205	21.000000
96.000000	1.569654	-63.198249	501.970973	21.000000
96.500000	1.570455	-63.215041	489.666607	21.000000
97.000000	1.571266	-63.230399	478.172038	21.000000
97.500000	1.572061	-63.243852	467.507527	20.000000
98.000000	1.572841	-63.261604	456.716159	20.000000
98.500000	1.573623	-63.277969	446.983653	20.000000
99.000000	1.574392	-63.290955	437.856183	19.000000
99.500000	1.575158	-63.304419	428.318912	18.000000
100.000000	1.575903	-63.318216	420.313189	18.000000
100.500000	1.576624	-63.331322	412.696790	18.000000
101.000000	1.577354	-63.345980	405.257037	18.000000
101.500000	1.578079	-63.358728	399.481183	18.000000
102.000000	1.578791	-63.375818	393.736642	15.000000
102.500000	1.579501	-63.391835	387.389305	15.000000
103.000000	1.580171	-63.408748	381.867433	15.000000
103.500000	1.580835	-63.425837	376.228072	14.000000
104.000000	1.581519	-63.444258	371.820750	14.000000
104.500000	1.582189	-63.463829	367.104676	14.000000
105.000000	1.582842	-63.483206	362.859100	14.000000
105.500000	1.583498	-63.503313	359.564930	14.000000
106.000000	1.584161	-63.526688	356.831169	13.000000
106.500000	1.584795	-63.548499	353.785983	12.000000
107.000000	1.585449	-63.571727	350.786122	12.000000
107.500000	1.586056	-63.595016	348.630378	11.000000
108.000000	1.586691	-63.621246	346.383712	11.000000
108.500000	1.587340	-63.649466	344.088338	11.000000
109.000000	1.587950	-63.674789	342.477153	11.000000
109.500000	1.588546	-63.700151	341.054467	10.000000
110.000000	1.589145	-63.727321	339.473203	10.000000
110.500000	1.589744	-63.753034	338.026432	10.000000
111.000000	1.590320	-63.776207	336.582418	10.000000
111.500000	1.590890	-63.801901	335.699599	10.000000
112.000000	1.591463	-63.825893	335.411943	10.000000
112.500000	1.592019	-63.853287	334.379312	10.000000
113.000000	1.592584	-63.878043	333.114258	10.000000
113.500000	1.593148	-63.902598	331.829936	10.000000
114.000000	1.593698	-63.925779	331.249833	10.000000
114.500000	1.594247	-63.951014	329.182249	10.000000
115.000000	1.594774	-63.974126	327.691549	10.000000
115.500000	1.595321	-63.996689	326.701898	10.000000
116.000000	1.595853	-64.021199	325.899297	10.000000
116.500000	1.596356	-64.043515	326.280205	10.000000
117.000000	1.596893	-64.068835	325.792356	10.000000
117.500000	1.597405	-64.093488	324.972038	10.000000
118.000000	1.597905	-64.115842	324.650665	10.000000
118.500000	1.598395	-64.141399	324.316491	10.000000
119.000000	1.598880	-64.164911	323.759823	10.000000
119.500000	1.599345	-64.188605	323.158018	10.000000
120.000000	1.599822	-64.212705	322.855691	10.000000
120.500000	1.600275	-64.237176	323.115925	10.000000
121.000000	1.600712	-64.261022	322.827785	10.000000
121.500000	1.601158	-64.285364	322.434402	9.000000
122.000000	1.601593	-64.308674	321.431742	9.000000
122.500000	1.602008	-64.332396	320.517030	9.000000
123.000000	1.602416	-64.353942	320.204147	9.000000
123.500000	1.602846	-64.374464	319.582342	8.000000
124.000000	1.603239	-64.393444	319.193649	8.000000
124.500000	1.603634	-64.412660	318.481901	8.000000
125.000000	1.604021	-64.430730	317.618449	8.000000
125.500000	1.604398	-64.449587	316.189275	8.000000
126.000000	1.604760	-64.466240	315.292555	8.000000
126.500000	1.605117	-64.483321	313.876055	8.000000
127.000000	1.605503	-64.500559	313.055484	8.000000
127.500000	1.605907	-64.517606	311.231947	8.000000
128.000000	1.606271	-64.532805	310.357755	8.000000
128.500000	1.606638	-64.546224	309.178190	8.000000
129.000000	1.606982	-64.559325	307.549451	7.000000
129.500000	1.607323	-64.572127	305.916087	7.000000
130.000000	1.607656	-64.581725	304.595288	7.000000
130.500000	1.607994	-64.591079	302.757190	7.000000
131.000000	1.608341	-64.600425	301.428188	7.000000
131.500000	1.608688	-64.608891	299.519441	7.000000
132.000000	1.609011	-64.616898	297.834191	7.000000
132.500000	1.609330	-64.625351	296.028033	7.000000
133.000000	1.609640	-64.635158	294.815722	7.000000
133.500000	1.609979	-64.645289	293.323337	7.000000
134.000000	1.610317	-64.654463	291.909882	7.000000
134.500000	1.610664	-64.662821	291.529046	7.000000
135.000000	1.610974	-64.673450	290.481245	7.000000
135.500000	1.611273	-64.683423	289.590036	7.000000
136.000000	1.611583	-64.693005	289.143425	7.000000
136.500000	1.611874	-64.703447	288.438935	7.000000
137.000000	1.612181	-64.713950	287.041569	7.000000
137.500000	1.612459	-64.723850	286.619572	7.000000
138.000000	1.612776	-64.737200	286.395816	7.000000
138.500000	1.613070	-64.749329	286.814485	7.000000
139.000000	1.613376	-64.762183	287.380771	7.000000
139.500000	1.613675	-64.775113	287.739494	7.000000
140.000000	1.613978	-64.788444	287.946952	7.000000
140.500000	1.614268	-64.800586	288.354606	7.000000
141.000000	1.614577	-64.816947	288.722312	7.000000
141.500000	1.614877	-64.833896	289.181492	7.000000
142.000000	1.615195	-64.850568	289.630458	7.000000
142.500000	1.615525	-64.868611	289.599491	7.000000
143.000000	1.615849	-64.888103	289.328067	7.000000
143.500000	1.616171	-64.907019	289.210495	7.000000
144.000000	1.616504	-64.925202	288.788709	7.000000
144.500000	1.616833	-64.941563	288.397782	7.000000
145.000000	1.617176	-64.959999	287.538387	6.000000
145.500000	1.617503	-64.977185	286.424241	6.000000
146.000000	1.617849	-64.994531	284.860199	6.000000
146.500000	1.618182	-65.010353	283.053933	6.000000
147.000000	1.618503	-65.025520	280.901246	6.000000
147.500000	1.618822	-65.039673	278.698938	6.000000
148.000000	1.619145	-65.054707	275.996900	6.000000
148.500000	1.619474	-65.067141	273.655984	6.000000
149.000000	1.619790	-65.079461	271.305443	6.000000
149.500000	1.620094	-65.090500	268.926788	6.000000
150.000000	1.620389	-65.102483	265.990245	6.000000
150.500000	1.620668	-65.111646	263.432783	6.000000
151.000000	1.620952	-65.120546	260.811710	6.000000
151.500000	1.621231	-65.127113	258.312039	6.000000
152.000000	1.621496	-65.135958	255.305187	6.000000
152.500000	1.621749	-65.142909	253.136087	6.000000
153.000000	1.622004	-65.148519	251.104455	6.000000
153.500000	1.622252	-65.154215	248.936300	6.000000
154.000000	1.622488	-65.158808	247.700446	6.000000
154.500000	1.622715	-65.164242	246.212544	6.000000
155.000000	1.622938	-65.169745	244.996601	6.000000
155.500000	1.623146	-65.173518	244.277190	6.000000
156.000000	1.623351	-65.177206	243.022018	6.000000
156.500000	1.623535	-65.181511	242.045032	6.000000
157.000000	1.623708	-65.185740	241.470596	6.000000
157.500000	1.623898	-65.189653	241.332821	6.000000
158.000000	1.624085	-65.194696	241.519501	5.000000
158.500000	1.624261	-65.199746	241.652310	5.000000
159.000000	1.624433	-65.204980	242.444827	5.000000
159.500000	1.624611	-65.212313	242.982235	5.000000
160.000000	1.624804	-65.221418	243.562265	5.000000
160.500000	1.624985	-65.229595	245.443093	5.000000
161.000000	1.625165	-65.239281	247.022711	5.000000
161.500000	1.625349	-65.247934	249.939645	5.000000
162.000000	1.625528	-65.257555	252.865022	5.000000
162.500000	1.625706	-65.269769	256.793666	5.000000
163.000000	1.625894	-65.283431	260.994025	5.000000
163.500000	1.626069	-65.297160	265.326428	5.000000
164.000000	1.626242	-65.311283	270.171823	5.000000
164.500000	1.626413	-65.326281	275.916966	5.000000
165.000000	1.626601	-65.343684	281.837213	5.000000
165.500000	1.626784	-65.360003	288.284024	5.000000
166.000000	1.626956	-65.378808	294.655084	5.000000
166.500000	1.627125	-65.396879	300.649607	5.000000
167.000000	1.627286	-65.414266	307.204892	5.000000
167.500000	1.627461	-65.433730	313.689192	5.000000
168.000000	1.627633	-65.451254	319.852019	5.000000
168.500000	1.627804	-65.470693	325.986677	5.000000
169.000000	1.627981	-65.489596	332.472932	5.000000
169.500000	1.628145	-65.508418	338.463090	5.000000
170.000000	1.628315	-65.528535	344.290688	5.000000
170.500000	1.628469	-65.545422	351.026167	5.000000
171.000000	1.628622	-65.565001	356.770066	5.000000
171.500000	1.628785	-65.584355	363.021347	5.000000
172.000000	1.628944	-65.602653	369.408633	5.000000
172.500000	1.629118	-65.622066	375.871447	5.000000
173.000000	1.629272	-65.640290	383.015972	5.000000
173.500000	1.629442	-65.660843	390.715237	5.000000
174.000000	1.629607	-65.682102	399.024513	5.000000
174.500000	1.629773	-65.703969	407.006367	5.000000
175.000000	1.629947	-65.729684	416.264758	5.000000
175.500000	1.630100	-65.752514	425.792870	5.000000
176.000000	1.630265	-65.778064	435.169100	5.000000
176.500000	1.630430	-65.803589	444.903909	5.000000
177.000000	1.630603	-65.833263	454.620911	5.000000
177.500000	1.630773	-65.864225	464.879605	5.000000
178.000000	1.630946	-65.895202	474.970075	5.000000
178.500000	1.631125	-65.926878	484.711564	5.000000
179.000000	1.631313	-65.958631	494.324009	4.000000
179.500000	1.631517	-65.990653	503.938149	4.000000
180.000000	1.631716	-66.023789	513.473151	4.000000
180.500000	1.631914	-66.058449	522.577604	4.000000
181.000000	1.632122	-66.091828	531.566770	4.000000
181.500000	1.632324	-66.125155	539.766209	4.000000
182.000000	1.632532	-66.161427	547.276643	4.000000
182.500000	1.632749	-66.197739	554.047059	4.000000
183.000000	1.632961	-66.232653	559.889466	4.000000
183.500000	1.633176	-66.267206	565.396875	4.000000
184.000000	1.633383	-66.297528	569.744583	4.000000
184.500000	1.633594	-66.329696	573.930016	4.000000
185.000000	1.633791	-66.360707	577.488108	4.000000
185.500000	1.634021	-66.395661	580.911947	4.000000
186.000000	1.634247	-66.424719	584.539026	4.000000
186.500000	1.634476	-66.456575	587.153663	4.000000
187.000000	1.634719	-66.485828	589.393120	4.000000
187.500000	1.634958	-66.516984	590.761244	4.000000
188.000000	1.635196	-66.543275	591.993300	4.000000
188.500000	1.635445	-66.573142	592.866916	4.000000
189.000000	1.635667	-66.597909	592.200081	4.000000
189.500000	1.635882	-66.622696	590.746104	4.000000
190.000000	1.636102	-66.645975	588.485650	4.000000
190.500000	1.636328	-66.667269	586.923586	4.000000
191.000000	1.636547	-66.687782	585.167003	4.000000
191.500000	1.636769	-66.709742	582.150649	4.000000
192.000000	1.636994	-66.730757	578.346424	4.000000
192.500000	1.637222	-66.751201	573.589690	4.000000
193.000000	1.637441	-66.769719	569.654375	4.000000
193.500000	1.637666	-66.786289	564.908954	4.000000
194.000000	1.637891	-66.800756	560.714850	4.000000
194.500000	1.638115	-66.815709	555.683662	4.000000
195.000000	1.638334	-66.828534	550.378953	4.000000
195.500000	1.638550	-66.842049	545.447396	4.000000
196.000000	1.638763	-66.855861	539.589698	4.000000
196.500000	1.638984	-66.867359	534.334619	4.000000
197.000000	1.639195	-66.877627	529.462176	4.000000
197.500000	1.639387	-66.887235	524.937783	4.000000
198.000000	1.639566	-66.895924	519.531356	4.000000
198.500000	1.639756	-66.904360	513.167019	4.000000
199.000000	1.639943	-66.911492	508.482870	4.000000
199.500000	1.640118	-66.917599	502.350683	4.000000
200.000000	1.640293	-66.922415	497.463377	4.000000
