t	ldf	mean	var	multiplicity
0.500000	-0.290266	0.000000	0.000000	31997.000000
1.000000	-0.288262	0.000000	0.000000	31993.000000
1.500000	-0.286306	-0.000426	0.000573	31970.000000
2.000000	-0.284729	-0.003771	0.003055	31924.000000
2.500000	-0.283781	-0.011698	0.011603	31823.000000
3.000000	-0.283556	-0.024999	0.028391	31646.000000
3.500000	-0.283845	-0.041855	0.054788	31350.000000
4.000000	-0.284538	-0.061588	0.091559	30977.000000
4.500000	-0.285880	-0.084731	0.135278	30527.000000
5.000000	-0.287121	-0.107956	0.184574	29990.000000
5.500000	-0.288911	-0.133307	0.239364	29416.000000
6.000000	-0.290543	-0.157248	0.297524	28794.000000
6.500000	-0.292425	-0.181607	0.358921	28149.000000
7.000000	-0.293996	-0.204622	0.419726	27518.000000
7.500000	-0.295651	-0.227439	0.484257	26883.000000
8.000000	-0.297193	-0.248799	0.552415	26268.000000
8.500000	-0.298531	-0.268314	0.612892	25620.000000
9.000000	-0.299911	-0.287287	0.668523	24988.000000
9.500000	-0.301259	-0.305723	0.726693	24375.000000
10.000000	-0.302468	-0.323842	0.790283	23800.000000
10.500000	-0.303730	-0.340734	0.845841	23196.000000
11.000000	-0.304905	-0.356313	0.906063	22596.000000
11.500000	-0.306035	-0.371935	0.957582	22038.000000
12.000000	-0.307035	-0.386768	1.017115	21503.000000
12.500000	-0.308018	-0.401062	1.072367	21004.000000
13.000000	-0.308913	-0.414559	1.125453	20526.000000
13.500000	-0.309793	-0.427150	1.163668	20029.000000
14.000000	-0.310560	-0.439417	1.207503	19565.000000
14.500000	-0.311318	-0.450642	1.252610	19121.000000
15.000000	-0.311981	-0.462217	1.297733	18706.000000
15.500000	-0.312759	-0.473200	1.340257	18290.000000
16.000000	-0.313490	-0.483472	1.374476	17904.000000
16.500000	-0.314119	-0.493310	1.420368	17551.000000
17.000000	-0.314636	-0.502163	1.448703	17178.000000
17.500000	-0.315124	-0.511294	1.485934	16821.000000
18.000000	-0.315521	-0.519681	1.516091	16445.000000
18.500000	-0.315960	-0.528077	1.547895	16111.000000
19.000000	-0.316360	-0.535758	1.576434	15781.000000
19.500000	-0.316777	-0.543349	1.607626	15478.000000
20.000000	-0.317211	-0.550304	1.629475	15182.000000
20.500000	-0.317444	-0.556925	1.663693	14899.000000
21.000000	-0.317766	-0.564372	1.700621	14616.000000
21.500000	-0.318062	-0.570735	1.736263	14337.000000
22.000000	-0.318346	-0.576827	1.769841	14094.000000
22.500000	-0.318644	-0.583447	1.793808	13849.000000
23.000000	-0.318935	-0.589028	1.817127	13603.000000
23.500000	-0.319198	-0.594394	1.845686	13363.000000
24.000000	-0.319374	-0.600093	1.876677	13150.000000
24.500000	-0.319475	-0.605130	1.900995	12962.000000
25.000000	-0.319666	-0.610050	1.927143	12756.000000
25.500000	-0.319856	-0.615020	1.951823	12527.000000
26.000000	-0.320045	-0.619786	1.963246	12330.000000
26.500000	-0.320226	-0.624725	1.979636	12145.000000
27.000000	-0.320373	-0.629579	1.993263	11961.000000
27.500000	-0.320604	-0.634326	2.015512	11767.000000
28.000000	-0.320750	-0.638133	2.030987	11574.000000
28.500000	-0.320840	-0.641590	2.049070	11404.000000
29.000000	-0.320938	-0.645596	2.063640	11225.000000
29.500000	-0.321049	-0.649974	2.080001	11082.000000
30.000000	-0.321166	-0.653798	2.095154	10901.000000
30.500000	-0.321233	-0.657819	2.108897	10746.000000
31.000000	-0.321325	-0.661155	2.125224	10580.000000
31.500000	-0.321407	-0.664129	2.149198	10443.000000
32.000000	-0.321427	-0.667419	2.159673	10286.000000
32.500000	-0.321521	-0.671069	2.179294	10152.000000
33.000000	-0.321561	-0.674135	2.196017	10019.000000
33.500000	-0.321613	-0.677096	2.218455	9876.000000
34.000000	-0.321722	-0.680563	2.231919	9749.000000
34.500000	-0.321711	-0.683735	2.244716	9613.000000
35.000000	-0.321706	-0.686571	2.265090	9496.000000
35.500000	-0.321752	-0.689174	2.271842	9372.000000
36.000000	-0.321860	-0.692099	2.288505	9267.000000
36.500000	-0.321893	-0.694463	2.310383	9166.000000
37.000000	-0.321914	-0.696986	2.338693	9050.000000
37.500000	-0.321985	-0.699466	2.352172	8938.000000
38.000000	-0.321956	-0.702313	2.367682	8832.000000
38.500000	-0.322012	-0.704784	2.378553	8724.000000
39.000000	-0.322025	-0.706982	2.391450	8628.000000
39.500000	-0.322032	-0.709477	2.400125	8520.000000
40.000000	-0.322025	-0.711276	2.406438	8421.000000
40.500000	-0.322057	-0.713135	2.425690	8313.000000
41.000000	-0.322130	-0.715887	2.440359	8209.000000
41.500000	-0.322131	-0.717786	2.445606	8130.000000
42.000000	-0.322160	-0.719768	2.445295	8035.000000
42.500000	-0.322186	-0.721626	2.455180	7938.000000
43.000000	-0.322168	-0.723203	2.467743	7856.000000
43.500000	-0.322209	-0.724472	2.480461	7770.000000
44.000000	-0.322218	-0.726527	2.486394	7689.000000
44.500000	-0.322237	-0.728748	2.492728	7633.000000
45.000000	-0.322256	-0.730717	2.506790	7552.000000
45.500000	-0.322314	-0.732666	2.528324	7470.000000
46.000000	-0.322333	-0.734343	2.536697	7395.000000
46.500000	-0.322359	-0.736128	2.554281	7310.000000
47.000000	-0.322376	-0.738124	2.552155	7225.000000
47.500000	-0.322386	-0.740015	2.558766	7141.000000
48.000000	-0.322425	-0.742526	2.569895	7071.000000
48.500000	-0.322487	-0.744368	2.571675	7003.000000
49.000000	-0.322494	-0.745785	2.577416	6930.000000
49.500000	-0.322478	-0.747326	2.580003	6860.000000
50.000000	-0.322473	-0.749538	2.594225	6794.000000
50.500000	-0.322489	-0.751530	2.601603	6726.000000
51.000000	-0.322497	-0.753004	2.610705	6661.000000
51.500000	-0.322489	-0.754728	2.612784	6600.000000
52.000000	-0.322471	-0.756690	2.626085	6524.000000
52.500000	-0.322500	-0.758413	2.631476	6456.000000
53.000000	-0.322504	-0.760110	2.643390	6404.000000
53.500000	-0.322491	-0.761643	2.664948	6345.000000
54.000000	-0.322491	-0.763314	2.678963	6287.000000
54.500000	-0.322495	-0.765441	2.689320	6231.000000
55.000000	-0.322497	-0.766370	2.691554	6173.000000
55.500000	-0.322507	-0.767583	2.693873	6120.000000
56.000000	-0.322485	-0.768996	2.706288	6067.000000
56.500000	-0.322482	-0.770068	2.714199	5996.000000
57.000000	-0.322450	-0.770846	2.722421	5942.000000
57.500000	-0.322478	-0.772413	2.726446	5890.000000
58.000000	-0.322489	-0.773607	2.737713	5850.000000
58.500000	-0.322473	-0.774737	2.730209	5812.000000
59.000000	-0.322408	-0.776053	2.728080	5762.000000
59.500000	-0.322384	-0.777135	2.729620	5712.000000
60.000000	-0.322380	-0.778138	2.741795	5667.000000
60.500000	-0.322360	-0.779589	2.749425	5629.000000
61.000000	-0.322370	-0.781012	2.756616	5582.000000
61.500000	-0.322367	-0.782453	2.758764	5539.000000
62.000000	-0.322383	-0.783218	2.766855	5510.000000
62.500000	-0.322362	-0.784014	2.770393	5463.000000
63.000000	-0.322342	-0.784932	2.776264	5419.000000
63.500000	-0.322365	-0.786470	2.795804	5383.000000
64.000000	-0.322325	-0.787251	2.801922	5329.000000
64.500000	-0.322328	-0.787951	2.803312	5288.000000
65.000000	-0.322322	-0.789225	2.802529	5234.000000
65.500000	-0.322328	-0.789979	2.801575	5192.000000
66.000000	-0.322317	-0.790711	2.813397	5153.000000
66.500000	-0.322263	-0.792041	2.822291	5107.000000
67.000000	-0.322261	-0.792719	2.817281	5054.000000
67.500000	-0.322249	-0.793545	2.830927	5014.000000
68.000000	-0.322211	-0.794405	2.840141	4972.000000
68.500000	-0.322197	-0.795311	2.848973	4919.000000
69.000000	-0.322212	-0.796161	2.846669	4894.000000
69.500000	-0.322222	-0.797466	2.840173	4865.000000
70.000000	-0.322230	-0.798349	2.848188	4828.000000
70.500000	-0.322224	-0.798718	2.853099	4790.000000
71.000000	-0.322209	-0.799522	2.857738	4759.000000
71.500000	-0.322210	-0.800932	2.862049	4726.000000
72.000000	-0.322198	-0.801847	2.869355	4683.000000
72.500000	-0.322163	-0.802011	2.873043	4650.000000
73.000000	-0.322166	-0.803210	2.875139	4625.000000
73.500000	-0.322162	-0.803978	2.886897	4592.000000
74.000000	-0.322154	-0.804242	2.880993	4559.000000
74.500000	-0.322106	-0.805018	2.892838	4528.000000
75.000000	-0.322086	-0.805865	2.904106	4494.000000
75.500000	-0.322072	-0.806200	2.897827	4459.000000
76.000000	-0.322060	-0.806526	2.906107	4428.000000
76.500000	-0.322043	-0.807033	2.914950	4392.000000
77.000000	-0.322032	-0.807342	2.913375	4373.000000
77.500000	-0.322016	-0.808954	2.925868	4350.000000
78.000000	-0.322010	-0.809635	2.925309	4324.000000
78.500000	-0.321968	-0.810364	2.926269	4290.000000
79.000000	-0.321953	-0.811315	2.938839	4254.000000
79.500000	-0.321933	-0.811884	2.934984	4233.000000
80.000000	-0.321907	-0.812605	2.945588	4210.000000
80.500000	-0.321892	-0.813201	2.947235	4176.000000
81.000000	-0.321858	-0.813936	2.953085	4142.000000
81.500000	-0.321843	-0.814441	2.955062	4111.000000
82.000000	-0.321832	-0.814819	2.963624	4077.000000
82.500000	-0.321821	-0.816139	2.978119	4053.000000
83.000000	-0.321778	-0.816659	2.975473	4026.000000
83.500000	-0.321780	-0.817034	2.973248	3993.000000
84.000000	-0.321754	-0.817213	2.962908	3957.000000
84.500000	-0.321732	-0.817157	2.954819	3927.000000
85.000000	-0.321709	-0.817671	2.962049	3906.000000
85.500000	-0.321688	-0.817990	2.955105	3886.000000
86.000000	-0.321640	-0.818500	2.961893	3864.000000
86.500000	-0.321619	-0.819144	2.961558	3840.000000
87.000000	-0.321621	-0.820067	2.966664	3810.000000
87.500000	-0.321617	-0.820534	2.988562	3783.000000
88.000000	-0.321592	-0.821271	2.991736	3767.000000
88.500000	-0.321620	-0.821977	2.997941	3750.000000
89.000000	-0.321604	-0.822135	3.006954	3722.000000
89.500000	-0.321559	-0.822431	3.011885	3701.000000
90.000000	-0.321544	-0.822866	3.022026	3679.000000
90.500000	-0.321538	-0.823109	3.014595	3655.000000
91.000000	-0.321530	-0.823938	3.033358	3635.000000
91.500000	-0.321504	-0.824448	3.040622	3618.000000
92.000000	-0.321482	-0.825179	3.048313	3595.000000
92.500000	-0.321470	-0.825626	3.053122	3577.000000
93.000000	-0.321462	-0.825791	3.062651	3554.000000
93.500000	-0.321430	-0.826400	3.075553	3538.000000
94.000000	-0.321425	-0.826537	3.070484	3515.000000
94.500000	-0.321402	-0.827088	3.075253	3496.000000
95.000000	-0.321382	-0.827461	3.081887	3476.000000
95.500000	-0.321369	-0.827512	3.074908	3460.000000
96.000000	-0.321356	-0.827993	3.080224	3445.000000
96.500000	-0.321376	-0.828665	3.083630	3427.000000
97.000000	-0.321366	-0.828664	3.083818	3401.000000
97.500000	-0.321350	-0.829304	3.092355	3381.000000
98.000000	-0.321327	-0.829734	3.087129	3365.000000
98.500000	-0.321290	-0.830666	3.097308	3344.000000
99.000000	-0.321280	-0.830747	3.098218	3325.000000
99.500000	-0.321243	-0.830759	3.100925	3309.000000
100.000000	-0.321230	-0.831087	3.096365	3289.000000
100.500000	-0.321228	-0.831621	3.098323	3264.000000
101.000000	-0.321201	-0.832067	3.105299	3244.000000
101.500000	-0.321187	-0.832309	3.112576	3223.000000
102.000000	-0.321184	-0.832983	3.121126	3204.000000
102.500000	-0.321165	-0.833123	3.126699	3189.000000
103.000000	-0.321126	-0.833636	3.122874	3160.000000
103.500000	-0.321117	-0.834132	3.129223	3148.000000
104.000000	-0.321106	-0.834392	3.122554	3131.000000
104.500000	-0.321101	-0.835000	3.124933	3111.000000
105.000000	-0.321097	-0.835555	3.128070	3096.000000
105.500000	-0.321069	-0.835869	3.137767	3078.000000
106.000000	-0.321038	-0.836034	3.142817	3063.000000
106.500000	-0.321011	-0.836559	3.145289	3045.000000
107.000000	-0.320983	-0.836903	3.139253	3034.000000
107.500000	-0.320953	-0.837026	3.139468	3012.000000
108.000000	-0.320907	-0.836967	3.141620	2999.000000
108.500000	-0.320876	-0.837060	3.143009	2981.000000
109.000000	-0.320840	-0.837106	3.141567	2964.000000
109.500000	-0.320823	-0.837756	3.142084	2947.000000
110.000000	-0.320820	-0.837756	3.141349	2937.000000
110.500000	-0.320772	-0.837851	3.136926	2923.000000
111.000000	-0.320743	-0.838316	3.131377	2907.000000
111.500000	-0.320712	-0.838816	3.130351	2896.000000
112.000000	-0.320682	-0.839256	3.122406	2876.000000
112.500000	-0.320675	-0.839546	3.125099	2864.000000
113.000000	-0.320673	-0.839554	3.127236	2849.000000
113.500000	-0.320675	-0.840030	3.125329	2831.000000
114.000000	-0.320650	-0.840301	3.123235	2812.000000
114.500000	-0.320658	-0.840342	3.140415	2800.000000
115.000000	-0.320652	-0.840486	3.145908	2783.000000
115.500000	-0.320641	-0.840543	3.136503	2768.000000
116.000000	-0.320641	-0.840810	3.139693	2760.000000
116.500000	-0.320619	-0.840845	3.134947	2739.000000
117.000000	-0.320592	-0.841169	3.141885	2732.000000
117.500000	-0.320590	-0.841648	3.135096	2717.000000
118.000000	-0.320582	-0.842201	3.125678	2705.000000
118.500000	-0.320569	-0.842437	3.130961	2695.000000
119.000000	-0.320544	-0.842891	3.117932	2683.000000
119.500000	-0.320540	-0.843143	3.113319	2660.000000
120.000000	-0.320516	-0.843644	3.123335	2644.000000
120.500000	-0.320506	-0.844182	3.127891	2630.000000
121.000000	-0.320512	-0.844677	3.129129	2620.000000
121.500000	-0.320503	-0.844958	3.142554	2603.000000
122.000000	-0.320486	-0.844991	3.139595	2592.000000
122.500000	-0.320460	-0.845201	3.138776	2577.000000
123.000000	-0.320441	-0.845712	3.144382	2572.000000
123.500000	-0.320413	-0.846048	3.142360	2552.000000
124.000000	-0.320423	-0.846503	3.143033	2539.000000
124.500000	-0.320420	-0.847094	3.138040	2527.000000
125.000000	-0.320398	-0.847286	3.144966	2512.000000
125.500000	-0.320387	-0.847246	3.142336	2506.000000
126.000000	-0.320381	-0.847323	3.135805	2491.000000
126.500000	-0.320364	-0.847891	3.137967	2476.000000
127.000000	-0.320350	-0.848253	3.129678	2466.000000
127.500000	-0.320339	-0.848682	3.130677	2457.000000
128.000000	-0.320320	-0.848863	3.128814	2445.000000
128.500000	-0.320322	-0.849224	3.123306	2432.000000
129.000000	-0.320317	-0.849487	3.127699	2420.000000
129.500000	-0.320303	-0.849227	3.125577	2410.000000
130.000000	-0.320293	-0.849682	3.124377	2400.000000
130.500000	-0.320281	-0.849768	3.120348	2390.000000
131.000000	-0.320271	-0.849858	3.133649	2379.000000
131.500000	-0.320261	-0.849847	3.131509	2364.000000
132.000000	-0.320246	-0.849430	3.119513	2356.000000
132.500000	-0.320237	-0.850091	3.119842	2349.000000
133.000000	-0.320221	-0.850798	3.118458	2333.000000
133.500000	-0.320202	-0.851145	3.117259	2328.000000
134.000000	-0.320190	-0.851530	3.114228	2325.000000
134.500000	-0.320186	-0.851825	3.116519	2313.000000
135.000000	-0.320197	-0.852195	3.117863	2302.000000
135.500000	-0.320177	-0.852108	3.115930	2294.000000
136.000000	-0.320162	-0.852412	3.104240	2283.000000
136.500000	-0.320161	-0.852803	3.105747	2276.000000
137.000000	-0.320156	-0.852899	3.113582	2268.000000
137.500000	-0.320142	-0.853294	3.126100	2254.000000
138.000000	-0.320141	-0.853414	3.122039	2247.000000
138.500000	-0.320137	-0.853614	3.117090	2237.000000
139.000000	-0.320114	-0.853630	3.117997	2228.000000
139.500000	-0.320109	-0.853895	3.126963	2218.000000
140.000000	-0.320101	-0.854317	3.125857	2207.000000
140.500000	-0.320100	-0.854737	3.139505	2197.000000
141.000000	-0.320095	-0.855059	3.138110	2186.000000
141.500000	-0.320096	-0.855556	3.137783	2172.000000
142.000000	-0.320091	-0.856223	3.149892	2163.000000
142.500000	-0.320075	-0.856010	3.142860	2153.000000
143.000000	-0.320064	-0.855982	3.125638	2143.000000
143.500000	-0.320061	-0.856383	3.128412	2139.000000
144.000000	-0.320056	-0.857014	3.146815	2131.000000
144.500000	-0.320055	-0.857418	3.147321	2123.000000
145.000000	-0.320044	-0.857543	3.148015	2113.000000
145.500000	-0.320035	-0.857679	3.148210	2107.000000
146.000000	-0.320016	-0.857938	3.146719	2098.000000
146.500000	-0.320006	-0.858370	3.147660	2088.000000
147.000000	-0.319994	-0.858556	3.164291	2082.000000
147.500000	-0.319986	-0.858968	3.168417	2066.000000
148.000000	-0.319970	-0.859183	3.166134	2056.000000
148.500000	-0.319948	-0.859034	3.156263	2045.000000
149.000000	-0.319939	-0.859450	3.160932	2035.000000
149.500000	-0.319936	-0.859487	3.160604	2024.000000
150.000000	-0.319936	-0.859501	3.163538	2016.000000
150.500000	-0.319945	-0.859968	3.161319	2009.000000
151.000000	-0.319948	-0.860297	3.162033	2000.000000
151.500000	-0.319931	-0.860530	3.160446	1994.000000
152.000000	-0.319918	-0.860908	3.175748	1987.000000
152.500000	-0.319902	-0.861220	3.180384	1978.000000
153.000000	-0.319888	-0.861342	3.168383	1973.000000
153.500000	-0.319887	-0.861658	3.177406	1964.000000
154.000000	-0.319870	-0.861685	3.176187	1953.000000
154.500000	-0.319846	-0.861697	3.185197	1946.000000
155.000000	-0.319839	-0.862232	3.179321	1940.000000
155.500000	-0.319850	-0.862620	3.182934	1931.000000
156.000000	-0.319838	-0.862668	3.181043	1922.000000
156.500000	-0.319832	-0.862562	3.182709	1916.000000
157.000000	-0.319826	-0.862988	3.182078	1907.000000
157.500000	-0.319822	-0.862470	3.172982	1896.000000
158.000000	-0.319825	-0.862464	3.173916	1889.000000
158.500000	-0.319808	-0.862873	3.172337	1886.000000
159.000000	-0.319806	-0.863557	3.172417	1879.000000
159.500000	-0.319798	-0.863948	3.180050	1874.000000
160.000000	-0.319786	-0.864318	3.181017	1869.000000
160.500000	-0.319783	-0.864167	3.179192	1866.000000
161.000000	-0.319773	-0.864390	3.176073	1861.000000
161.500000	-0.319764	-0.864149	3.176224	1853.000000
162.000000	-0.319759	-0.864349	3.187429	1843.000000
162.500000	-0.319750	-0.864096	3.185490	1837.000000
163.000000	-0.319735	-0.864314	3.201711	1832.000000
163.500000	-0.319720	-0.864528	3.209012	1826.000000
164.000000	-0.319710	-0.864576	3.213069	1816.000000
164.500000	-0.319694	-0.865122	3.226254	1809.000000
165.000000	-0.319690	-0.865328	3.234515	1804.000000
165.500000	-0.319679	-0.865335	3.227739	1796.000000
166.000000	-0.319669	-0.865364	3.234001	1792.000000
166.500000	-0.319659	-0.865401	3.246061	1790.000000
167.000000	-0.319641	-0.865495	3.247115	1785.000000
167.500000	-0.319639	-0.865492	3.257212	1776.000000
168.000000	-0.319620	-0.865627	3.247282	1772.000000
168.500000	-0.319608	-0.865940	3.248533	1764.000000
169.000000	-0.319607	-0.866311	3.246518	1755.000000
169.500000	-0.319583	-0.866309	3.240591	1750.000000
170.000000	-0.319561	-0.866485	3.238531	1743.000000
170.500000	-0.319556	-0.866826	3.244088	1738.000000
171.000000	-0.319551	-0.866918	3.242359	1729.000000
171.500000	-0.319544	-0.867107	3.240343	1721.000000
172.000000	-0.319540	-0.866896	3.239772	1715.000000
172.500000	-0.319535	-0.866960	3.246156	1707.000000
173.000000	-0.319546	-0.867122	3.249636	1703.000000
173.500000	-0.319533	-0.867459	3.244946	1696.000000
174.000000	-0.319527	-0.867419	3.239086	1690.000000
174.500000	-0.319520	-0.867271	3.231759	1683.000000
175.000000	-0.319518	-0.867976	3.230446	1676.000000
175.500000	-0.319505	-0.868009	3.223833	1669.000000
176.000000	-0.319489	-0.868388	3.227479	1666.000000
176.500000	-0.319480	-0.868644	3.226207	1661.000000
177.000000	-0.319472	-0.868716	3.221244	1657.000000
177.500000	-0.319469	-0.868729	3.203273	1647.000000
178.000000	-0.319460	-0.868960	3.207039	1642.000000
178.500000	-0.319461	-0.869295	3.203440	1637.000000
179.000000	-0.319446	-0.869607	3.199182	1632.000000
179.500000	-0.319442	-0.869886	3.187575	1626.000000
180.000000	-0.319449	-0.869985	3.191386	1616.000000
180.500000	-0.319447	-0.869781	3.181404	1613.000000
181.000000	-0.319444	-0.869893	3.187055	1609.000000
181.500000	-0.319431	-0.870080	3.190578	1601.000000
182.000000	-0.319427	-0.869932	3.189452	1598.000000
182.500000	-0.319425	-0.869839	3.191228	1594.000000
183.000000	-0.319427	-0.870373	3.200555	1589.000000
183.500000	-0.319428	-0.870450	3.205241	1585.000000
184.000000	-0.319426	-0.870727	3.210117	1580.000000
184.500000	-0.319427	-0.870978	3.198531	1578.000000
185.000000	-0.319428	-0.871061	3.189902	1576.000000
185.500000	-0.319420	-0.871214	3.199269	1574.000000
186.000000	-0.319420	-0.871368	3.202682	1565.000000
186.500000	-0.319419	-0.871631	3.204468	1560.000000
187.000000	-0.319409	-0.871655	3.201420	1550.000000
187.500000	-0.319403	-0.871583	3.201042	1542.000000
188.000000	-0.319392	-0.871967	3.203677	1535.000000
188.500000	-0.319391	-0.872210	3.201948	1530.000000
189.000000	-0.319391	-0.872294	3.194945	1523.000000
189.500000	-0.319380	-0.872244	3.195821	1519.000000
190.000000	-0.319376	-0.871946	3.200075	1512.000000
190.500000	-0.319372	-0.871973	3.200285	1508.000000
191.000000	-0.319370	-0.871995	3.203566	1505.000000
191.500000	-0.319378	-0.872444	3.213255	1502.000000
192.000000	-0.319375	-0.872339	3.218949	1495.000000
192.500000	-0.319363	-0.872484	3.228683	1491.000000
193.000000	-0.319367	-0.872805	3.234738	1489.000000
193.500000	-0.319362	-0.872893	3.225680	1483.000000
194.000000	-0.319370	-0.873186	3.227296	1479.000000
194.500000	-0.319376	-0.873234	3.222427	1475.000000
195.000000	-0.319369	-0.873246	3.210887	1470.000000
195.500000	-0.319361	-0.873224	3.198612	1466.000000
196.000000	-0.319349	-0.873239	3.202333	1463.000000
196.500000	-0.319349	-0.873367	3.202788	1460.000000
197.000000	-0.319346	-0.873661	3.207661	1454.000000
197.500000	-0.319346	-0.873965	3.220081	1449.000000
198.000000	-0.319341	-0.874311	3.220413	1444.000000
198.500000	-0.319342	-0.874533	3.236512	1438.000000
199.000000	-0.319338	-0.874989	3.231749	1433.000000
199.500000	-0.319332	-0.875351	3.221657	1427.000000
200.000000	-0.319333	-0.875503	3.224307	1423.000000
