t	ldf	mean	var	multiplicity
0.500000	0.000000	0.000000	0.000000	320000.000000
1.000000	-0.000001	-0.000003	0.000000	319999.000000
1.500000	-0.000110	-0.000515	0.000242	319939.000000
2.000000	-0.000925	-0.004319	0.003480	319426.000000
2.500000	-0.002980	-0.013538	0.013400	317693.000000
3.000000	-0.006465	-0.028773	0.033576	314225.000000
3.500000	-0.011244	-0.048988	0.065164	308867.000000
4.000000	-0.017020	-0.072769	0.107005	301885.000000
4.500000	-0.023514	-0.099340	0.158120	293728.000000
5.000000	-0.030401	-0.126580	0.217636	284535.000000
5.500000	-0.037517	-0.154255	0.281578	274876.000000
6.000000	-0.044623	-0.181417	0.348373	264956.000000
6.500000	-0.051669	-0.207964	0.416970	254995.000000
7.000000	-0.058586	-0.233512	0.485734	245101.000000
7.500000	-0.065379	-0.258679	0.554880	235493.000000
8.000000	-0.071999	-0.282763	0.624901	226187.000000
8.500000	-0.078329	-0.305564	0.694425	217317.000000
9.000000	-0.084459	-0.326854	0.762615	208690.000000
9.500000	-0.090376	-0.347531	0.831410	200452.000000
10.000000	-0.095944	-0.366627	0.896469	192504.000000
10.500000	-0.101295	-0.385144	0.959071	185123.000000
11.000000	-0.106449	-0.402587	1.021631	178051.000000
11.500000	-0.111384	-0.419069	1.081141	171318.000000
12.000000	-0.116113	-0.435145	1.138052	164961.000000
12.500000	-0.120643	-0.450142	1.193785	158925.000000
13.000000	-0.124979	-0.464325	1.249880	153198.000000
13.500000	-0.129152	-0.478012	1.299390	147784.000000
14.000000	-0.133187	-0.490931	1.349963	142679.000000
14.500000	-0.136993	-0.503164	1.397357	137793.000000
15.000000	-0.140712	-0.515155	1.442877	133254.000000
15.500000	-0.144275	-0.526309	1.487827	128847.000000
16.000000	-0.147700	-0.537191	1.533563	124752.000000
16.500000	-0.150993	-0.547245	1.574133	120867.000000
17.000000	-0.154185	-0.556854	1.610042	117044.000000
17.500000	-0.157230	-0.566268	1.654692	113511.000000
18.000000	-0.160179	-0.575157	1.692411	110062.000000
18.500000	-0.163053	-0.583765	1.729421	106805.000000
19.000000	-0.165779	-0.591615	1.765577	103691.000000
19.500000	-0.168435	-0.599518	1.800946	100717.000000
20.000000	-0.170967	-0.606655	1.834515	97940.000000
20.500000	-0.173419	-0.614025	1.865362	95286.000000
21.000000	-0.175830	-0.621297	1.895671	92729.000000
21.500000	-0.178174	-0.628048	1.925518	90262.000000
22.000000	-0.180430	-0.634677	1.954969	87882.000000
22.500000	-0.182588	-0.641047	1.983195	85637.000000
23.000000	-0.184714	-0.647105	2.011988	83476.000000
23.500000	-0.186774	-0.652632	2.037343	81336.000000
24.000000	-0.188753	-0.658514	2.068160	79321.000000
24.500000	-0.190685	-0.664058	2.097043	77423.000000
25.000000	-0.192528	-0.669257	2.117739	75665.000000
25.500000	-0.194334	-0.674080	2.139329	73903.000000
26.000000	-0.196093	-0.678979	2.162621	72211.000000
26.500000	-0.197814	-0.683520	2.186139	70500.000000
27.000000	-0.199500	-0.687967	2.210029	68899.000000
27.500000	-0.201111	-0.692161	2.233793	67323.000000
28.000000	-0.202688	-0.696471	2.258289	65915.000000
28.500000	-0.204238	-0.700871	2.279525	64520.000000
29.000000	-0.205731	-0.704796	2.298614	63139.000000
29.500000	-0.207185	-0.708785	2.321708	61849.000000
30.000000	-0.208577	-0.712569	2.340462	60573.000000
30.500000	-0.209941	-0.715904	2.356139	59299.000000
31.000000	-0.211257	-0.719299	2.372827	58049.000000
31.500000	-0.212551	-0.722755	2.393903	56881.000000
32.000000	-0.213815	-0.726065	2.412299	55747.000000
32.500000	-0.215063	-0.729317	2.432260	54738.000000
33.000000	-0.216279	-0.732102	2.442312	53663.000000
33.500000	-0.217459	-0.735308	2.461416	52667.000000
34.000000	-0.218606	-0.738188	2.477665	51678.000000
34.500000	-0.219733	-0.740856	2.490919	50694.000000
35.000000	-0.220833	-0.743672	2.504583	49760.000000
35.500000	-0.221917	-0.746446	2.515351	48847.000000
36.000000	-0.222976	-0.749004	2.528055	48008.000000
36.500000	-0.224010	-0.751237	2.537479	47173.000000
37.000000	-0.225034	-0.753810	2.548548	46347.000000
37.500000	-0.226019	-0.756175	2.560482	45585.000000
38.000000	-0.226996	-0.758666	2.569971	44789.000000
38.500000	-0.227955	-0.760976	2.583802	44032.000000
39.000000	-0.228892	-0.763421	2.599400	43320.000000
39.500000	-0.229793	-0.765926	2.615931	42619.000000
40.000000	-0.230685	-0.768184	2.625294	41932.000000
40.500000	-0.231543	-0.770148	2.635684	41306.000000
41.000000	-0.232403	-0.772137	2.653763	40623.000000
41.500000	-0.233244	-0.774115	2.661358	39925.000000
42.000000	-0.234076	-0.776211	2.665772	39310.000000
42.500000	-0.234875	-0.778148	2.674426	38701.000000
43.000000	-0.235672	-0.780078	2.683950	38156.000000
43.500000	-0.236450	-0.781541	2.697364	37563.000000
44.000000	-0.237212	-0.783285	2.707133	37051.000000
44.500000	-0.237941	-0.784984	2.716848	36493.000000
45.000000	-0.238665	-0.786842	2.727644	35963.000000
45.500000	-0.239370	-0.788525	2.734552	35481.000000
46.000000	-0.240065	-0.790208	2.751707	34995.000000
46.500000	-0.240753	-0.791413	2.755766	34513.000000
47.000000	-0.241445	-0.792995	2.763801	34047.000000
47.500000	-0.242106	-0.794517	2.770292	33593.000000
48.000000	-0.242772	-0.796049	2.780168	33133.000000
48.500000	-0.243423	-0.797775	2.786906	32692.000000
49.000000	-0.244062	-0.799501	2.798645	32275.000000
49.500000	-0.244680	-0.800668	2.807174	31872.000000
50.000000	-0.245286	-0.802261	2.820134	31455.000000
50.500000	-0.245887	-0.803605	2.826034	31032.000000
51.000000	-0.246482	-0.804894	2.836480	30631.000000
51.500000	-0.247076	-0.806021	2.844479	30224.000000
52.000000	-0.247651	-0.807404	2.854398	29837.000000
52.500000	-0.248210	-0.808704	2.860618	29436.000000
53.000000	-0.248765	-0.809935	2.863761	29078.000000
53.500000	-0.249310	-0.811215	2.872247	28751.000000
54.000000	-0.249850	-0.812591	2.883248	28425.000000
54.500000	-0.250376	-0.813398	2.889329	28071.000000
55.000000	-0.250906	-0.814454	2.896547	27718.000000
55.500000	-0.251417	-0.815816	2.903837	27401.000000
56.000000	-0.251927	-0.816874	2.907643	27081.000000
56.500000	-0.252428	-0.817919	2.908978	26776.000000
57.000000	-0.252932	-0.818846	2.919904	26457.000000
57.500000	-0.253422	-0.819847	2.922032	26140.000000
58.000000	-0.253915	-0.820972	2.925069	25830.000000
58.500000	-0.254383	-0.821929	2.934497	25547.000000
59.000000	-0.254842	-0.822822	2.943296	25272.000000
59.500000	-0.255301	-0.823866	2.949794	24958.000000
60.000000	-0.255743	-0.824842	2.955043	24671.000000
60.500000	-0.256174	-0.825628	2.959468	24387.000000
61.000000	-0.256615	-0.826716	2.962425	24121.000000
61.500000	-0.257043	-0.827543	2.967984	23871.000000
62.000000	-0.257465	-0.828703	2.970534	23612.000000
62.500000	-0.257883	-0.829665	2.976403	23345.000000
63.000000	-0.258284	-0.830598	2.985866	23103.000000
63.500000	-0.258691	-0.831376	2.995209	22862.000000
64.000000	-0.259094	-0.832324	3.001410	22629.000000
64.500000	-0.259482	-0.833001	3.006953	22395.000000
65.000000	-0.259867	-0.833939	3.010981	22163.000000
65.500000	-0.260253	-0.834769	3.016037	21925.000000
66.000000	-0.260631	-0.835433	3.018347	21699.000000
66.500000	-0.261003	-0.836104	3.023386	21488.000000
67.000000	-0.261361	-0.836812	3.032834	21277.000000
67.500000	-0.261720	-0.837551	3.039014	21062.000000
68.000000	-0.262070	-0.838059	3.043324	20835.000000
68.500000	-0.262423	-0.838908	3.051424	20648.000000
69.000000	-0.262759	-0.839699	3.053732	20461.000000
69.500000	-0.263107	-0.840469	3.057537	20264.000000
70.000000	-0.263443	-0.841139	3.058784	20082.000000
70.500000	-0.263781	-0.841822	3.061613	19894.000000
71.000000	-0.264103	-0.842344	3.071129	19696.000000
71.500000	-0.264434	-0.842803	3.070711	19509.000000
72.000000	-0.264769	-0.843345	3.078186	19307.000000
72.500000	-0.265091	-0.844090	3.079825	19113.000000
73.000000	-0.265415	-0.844884	3.086246	18929.000000
73.500000	-0.265736	-0.845486	3.085781	18762.000000
74.000000	-0.266049	-0.846302	3.086512	18593.000000
74.500000	-0.266353	-0.846951	3.090709	18420.000000
75.000000	-0.266658	-0.847517	3.090772	18250.000000
75.500000	-0.266966	-0.848394	3.098340	18081.000000
76.000000	-0.267263	-0.849243	3.104330	17929.000000
76.500000	-0.267556	-0.849743	3.107496	17768.000000
77.000000	-0.267846	-0.850461	3.109458	17606.000000
77.500000	-0.268136	-0.851027	3.111011	17453.000000
78.000000	-0.268421	-0.851676	3.112239	17300.000000
78.500000	-0.268705	-0.852138	3.114789	17154.000000
79.000000	-0.268979	-0.852669	3.115934	16995.000000
79.500000	-0.269259	-0.853155	3.114176	16864.000000
80.000000	-0.269537	-0.853628	3.115732	16706.000000
80.500000	-0.269805	-0.854392	3.117095	16570.000000
81.000000	-0.270069	-0.854997	3.118672	16423.000000
81.500000	-0.270332	-0.855821	3.122073	16270.000000
82.000000	-0.270597	-0.856340	3.125805	16128.000000
82.500000	-0.270846	-0.856930	3.126653	16001.000000
83.000000	-0.271099	-0.857687	3.130301	15879.000000
83.500000	-0.271350	-0.858264	3.134113	15756.000000
84.000000	-0.271601	-0.858946	3.139858	15628.000000
84.500000	-0.271852	-0.859448	3.139876	15488.000000
85.000000	-0.272090	-0.859644	3.137065	15359.000000
85.500000	-0.272338	-0.860004	3.141072	15227.000000
86.000000	-0.272576	-0.860310	3.141938	15094.000000
86.500000	-0.272805	-0.860624	3.143018	14975.000000
87.000000	-0.273036	-0.861033	3.144712	14863.000000
87.500000	-0.273265	-0.861351	3.147391	14750.000000
88.000000	-0.273491	-0.861945	3.149280	14619.000000
88.500000	-0.273718	-0.862420	3.147733	14488.000000
89.000000	-0.273939	-0.862795	3.154154	14381.000000
89.500000	-0.274162	-0.863374	3.158162	14269.000000
90.000000	-0.274383	-0.864013	3.163687	14171.000000
90.500000	-0.274592	-0.864589	3.169532	14063.000000
91.000000	-0.274799	-0.864890	3.177023	13971.000000
91.500000	-0.275010	-0.865128	3.179866	13873.000000
92.000000	-0.275214	-0.865323	3.177634	13770.000000
92.500000	-0.275422	-0.865728	3.181277	13663.000000
93.000000	-0.275633	-0.866239	3.185562	13576.000000
93.500000	-0.275833	-0.866474	3.183879	13492.000000
94.000000	-0.276030	-0.866803	3.189589	13404.000000
94.500000	-0.276229	-0.867149	3.195363	13302.000000
95.000000	-0.276434	-0.867377	3.196389	13198.000000
95.500000	-0.276634	-0.867777	3.198107	13094.000000
96.000000	-0.276828	-0.868256	3.200259	12997.000000
96.500000	-0.277019	-0.868628	3.200642	12907.000000
97.000000	-0.277216	-0.869077	3.203494	12802.000000
97.500000	-0.277402	-0.869473	3.204816	12720.000000
98.000000	-0.277588	-0.870006	3.213255	12644.000000
98.500000	-0.277774	-0.870469	3.219646	12555.000000
99.000000	-0.277956	-0.871033	3.220074	12469.000000
99.500000	-0.278131	-0.871249	3.220290	12386.000000
100.000000	-0.278312	-0.871770	3.220144	12317.000000
100.500000	-0.278486	-0.872049	3.225945	12242.000000
101.000000	-0.278663	-0.872434	3.227388	12166.000000
101.500000	-0.278838	-0.872679	3.234386	12089.000000
102.000000	-0.279014	-0.872903	3.235322	12000.000000
102.500000	-0.279186	-0.873332	3.238039	11924.000000
103.000000	-0.279356	-0.873559	3.241247	11852.000000
103.500000	-0.279524	-0.874005	3.246901	11774.000000
104.000000	-0.279686	-0.874202	3.250707	11697.000000
104.500000	-0.279844	-0.874598	3.253305	11627.000000
105.000000	-0.280008	-0.875014	3.254247	11564.000000
105.500000	-0.280167	-0.875198	3.256752	11489.000000
106.000000	-0.280328	-0.875394	3.255407	11414.000000
106.500000	-0.280488	-0.875533	3.251528	11339.000000
107.000000	-0.280648	-0.875828	3.250394	11268.000000
107.500000	-0.280809	-0.876016	3.254038	11191.000000
108.000000	-0.280971	-0.876258	3.253276	11119.000000
108.500000	-0.281131	-0.876362	3.256041	11056.000000
109.000000	-0.281289	-0.876581	3.265259	10994.000000
109.500000	-0.281449	-0.876830	3.267365	10918.000000
110.000000	-0.281603	-0.877031	3.266485	10842.000000
110.500000	-0.281763	-0.877377	3.271969	10785.000000
111.000000	-0.281917	-0.877899	3.276725	10711.000000
111.500000	-0.282062	-0.878237	3.279609	10651.000000
112.000000	-0.282211	-0.878484	3.284357	10600.000000
112.500000	-0.282357	-0.878903	3.284124	10528.000000
113.000000	-0.282503	-0.879173	3.288860	10477.000000
113.500000	-0.282652	-0.879365	3.287909	10417.000000
114.000000	-0.282794	-0.879600	3.291599	10352.000000
114.500000	-0.282934	-0.879744	3.298488	10302.000000
115.000000	-0.283078	-0.879953	3.305910	10247.000000
115.500000	-0.283216	-0.880108	3.305951	10180.000000
116.000000	-0.283354	-0.880376	3.303337	10122.000000
116.500000	-0.283489	-0.880562	3.312593	10058.000000
117.000000	-0.283627	-0.880765	3.313911	10005.000000
117.500000	-0.283763	-0.881008	3.311618	9947.000000
118.000000	-0.283895	-0.881271	3.309315	9887.000000
118.500000	-0.284031	-0.881384	3.309031	9834.000000
119.000000	-0.284163	-0.881767	3.307202	9764.000000
119.500000	-0.284286	-0.882160	3.309624	9709.000000
120.000000	-0.284419	-0.882495	3.310818	9657.000000
120.500000	-0.284549	-0.882574	3.313609	9612.000000
121.000000	-0.284680	-0.882821	3.311061	9565.000000
121.500000	-0.284809	-0.882976	3.308078	9510.000000
122.000000	-0.284933	-0.883094	3.314607	9447.000000
122.500000	-0.285057	-0.883158	3.317197	9389.000000
123.000000	-0.285180	-0.883125	3.315380	9335.000000
123.500000	-0.285300	-0.883354	3.318079	9282.000000
124.000000	-0.285421	-0.883637	3.326168	9231.000000
124.500000	-0.285546	-0.884029	3.330791	9175.000000
125.000000	-0.285671	-0.884147	3.330963	9124.000000
125.500000	-0.285793	-0.884418	3.327796	9080.000000
126.000000	-0.285909	-0.884589	3.327153	9034.000000
126.500000	-0.286022	-0.884778	3.325411	8984.000000
127.000000	-0.286137	-0.884946	3.324380	8920.000000
127.500000	-0.286251	-0.885117	3.330951	8863.000000
128.000000	-0.286368	-0.885543	3.329020	8820.000000
128.500000	-0.286482	-0.885847	3.329297	8777.000000
129.000000	-0.286598	-0.886170	3.333150	8737.000000
129.500000	-0.286715	-0.886465	3.333359	8693.000000
130.000000	-0.286825	-0.886533	3.328351	8627.000000
130.500000	-0.286936	-0.886585	3.328627	8592.000000
131.000000	-0.287040	-0.886694	3.330641	8541.000000
131.500000	-0.287147	-0.886993	3.338626	8495.000000
132.000000	-0.287253	-0.887184	3.340989	8450.000000
132.500000	-0.287360	-0.887444	3.346333	8397.000000
133.000000	-0.287465	-0.887647	3.346240	8353.000000
133.500000	-0.287568	-0.888012	3.350390	8300.000000
134.000000	-0.287675	-0.888147	3.353333	8254.000000
134.500000	-0.287772	-0.888202	3.357866	8224.000000
135.000000	-0.287868	-0.888447	3.360556	8184.000000
135.500000	-0.287967	-0.888595	3.367385	8138.000000
136.000000	-0.288065	-0.888649	3.367865	8094.000000
136.500000	-0.288160	-0.888938	3.372104	8056.000000
137.000000	-0.288258	-0.889229	3.376894	8023.000000
137.500000	-0.288359	-0.889223	3.373221	7985.000000
138.000000	-0.288454	-0.889413	3.370160	7953.000000
138.500000	-0.288548	-0.889496	3.371104	7909.000000
139.000000	-0.288646	-0.889749	3.373959	7876.000000
139.500000	-0.288741	-0.890033	3.371688	7846.000000
140.000000	-0.288840	-0.890351	3.372128	7809.000000
140.500000	-0.288934	-0.890587	3.370219	7764.000000
141.000000	-0.289019	-0.890859	3.372615	7719.000000
141.500000	-0.289111	-0.890922	3.375166	7680.000000
142.000000	-0.289200	-0.891084	3.376503	7654.000000
142.500000	-0.289295	-0.891126	3.375791	7621.000000
143.000000	-0.289391	-0.891321	3.370915	7596.000000
143.500000	-0.289483	-0.891542	3.370075	7567.000000
144.000000	-0.289574	-0.891605	3.371381	7531.000000
144.500000	-0.289663	-0.891796	3.371531	7493.000000
145.000000	-0.289748	-0.892000	3.375756	7456.000000
145.500000	-0.289840	-0.892272	3.375473	7415.000000
146.000000	-0.289932	-0.892499	3.380989	7373.000000
146.500000	-0.290022	-0.892714	3.383277	7344.000000
147.000000	-0.290108	-0.892771	3.388416	7298.000000
147.500000	-0.290197	-0.892844	3.392113	7273.000000
148.000000	-0.290285	-0.893050	3.395584	7239.000000
148.500000	-0.290373	-0.893260	3.394916	7210.000000
149.000000	-0.290458	-0.893327	3.394408	7183.000000
149.500000	-0.290541	-0.893394	3.395564	7151.000000
150.000000	-0.290627	-0.893696	3.395408	7122.000000
150.500000	-0.290715	-0.893939	3.398990	7097.000000
151.000000	-0.290799	-0.894217	3.399122	7057.000000
151.500000	-0.290880	-0.894294	3.398025	7022.000000
152.000000	-0.290965	-0.894433	3.399957	6992.000000
152.500000	-0.291046	-0.894614	3.397688	6965.000000
153.000000	-0.291123	-0.894658	3.402809	6940.000000
153.500000	-0.291201	-0.894899	3.411421	6909.000000
154.000000	-0.291280	-0.895069	3.411011	6875.000000
154.500000	-0.291368	-0.895121	3.414084	6840.000000
155.000000	-0.291448	-0.895232	3.415919	6803.000000
155.500000	-0.291528	-0.895456	3.422902	6768.000000
156.000000	-0.291606	-0.895610	3.424828	6729.000000
156.500000	-0.291682	-0.895645	3.422209	6700.000000
157.000000	-0.291759	-0.895751	3.427545	6671.000000
157.500000	-0.291834	-0.895958	3.428127	6642.000000
158.000000	-0.291915	-0.896145	3.429185	6613.000000
158.500000	-0.291987	-0.896267	3.433021	6580.000000
159.000000	-0.292061	-0.896567	3.432670	6552.000000
159.500000	-0.292138	-0.896757	3.429227	6523.000000
160.000000	-0.292216	-0.896914	3.431773	6492.000000
160.500000	-0.292294	-0.897195	3.430048	6462.000000
161.000000	-0.292369	-0.897305	3.429054	6432.000000
161.500000	-0.292451	-0.897435	3.431130	6411.000000
162.000000	-0.292527	-0.897326	3.429532	6384.000000
162.500000	-0.292600	-0.897316	3.431996	6353.000000
163.000000	-0.292670	-0.897291	3.430150	6325.000000
163.500000	-0.292746	-0.897358	3.426332	6294.000000
164.000000	-0.292816	-0.897533	3.429442	6262.000000
164.500000	-0.292890	-0.897769	3.428470	6238.000000
165.000000	-0.292965	-0.897901	3.431874	6214.000000
165.500000	-0.293039	-0.897846	3.428741	6188.000000
166.000000	-0.293109	-0.897832	3.421585	6157.000000
166.500000	-0.293179	-0.898034	3.424248	6137.000000
167.000000	-0.293249	-0.898097	3.427719	6110.000000
167.500000	-0.293317	-0.898197	3.433379	6089.000000
168.000000	-0.293382	-0.898461	3.436790	6065.000000
168.500000	-0.293452	-0.898714	3.438848	6046.000000
169.000000	-0.293522	-0.898847	3.442549	6021.000000
169.500000	-0.293591	-0.898768	3.436705	6005.000000
170.000000	-0.293662	-0.898799	3.432260	5988.000000
170.500000	-0.293730	-0.899013	3.432370	5958.000000
171.000000	-0.293798	-0.899095	3.429139	5935.000000
171.500000	-0.293866	-0.899319	3.431635	5912.000000
172.000000	-0.293931	-0.899434	3.431389	5884.000000
172.500000	-0.293996	-0.899441	3.430694	5854.000000
173.000000	-0.294057	-0.899411	3.429413	5831.000000
173.500000	-0.294117	-0.899620	3.430731	5803.000000
174.000000	-0.294176	-0.899640	3.431990	5776.000000
174.500000	-0.294240	-0.899730	3.433696	5754.000000
175.000000	-0.294301	-0.899929	3.437686	5730.000000
175.500000	-0.294364	-0.900028	3.438679	5707.000000
176.000000	-0.294428	-0.900042	3.436032	5687.000000
176.500000	-0.294486	-0.900361	3.431884	5659.000000
177.000000	-0.294545	-0.900495	3.431311	5646.000000
177.500000	-0.294606	-0.900715	3.428729	5624.000000
178.000000	-0.294668	-0.900848	3.426819	5599.000000
178.500000	-0.294727	-0.901012	3.429095	5584.000000
179.000000	-0.294783	-0.901112	3.429712	5570.000000
179.500000	-0.294844	-0.901159	3.429153	5559.000000
180.000000	-0.294905	-0.901273	3.425312	5537.000000
180.500000	-0.294967	-0.901350	3.420697	5514.000000
181.000000	-0.295028	-0.901498	3.425508	5492.000000
181.500000	-0.295087	-0.901634	3.432165	5473.000000
182.000000	-0.295144	-0.901715	3.428710	5449.000000
182.500000	-0.295201	-0.901907	3.432929	5429.000000
183.000000	-0.295260	-0.902009	3.429522	5404.000000
183.500000	-0.295314	-0.901996	3.425474	5382.000000
184.000000	-0.295373	-0.902115	3.427687	5362.000000
184.500000	-0.295429	-0.902175	3.425179	5343.000000
185.000000	-0.295485	-0.902278	3.425995	5319.000000
185.500000	-0.295544	-0.902379	3.424220	5302.000000
186.000000	-0.295600	-0.902451	3.423177	5287.000000
186.500000	-0.295654	-0.902635	3.424226	5267.000000
187.000000	-0.295706	-0.902812	3.423149	5246.000000
187.500000	-0.295761	-0.903016	3.427335	5219.000000
188.000000	-0.295814	-0.903082	3.425408	5206.000000
188.500000	-0.295866	-0.903180	3.426160	5183.000000
189.000000	-0.295920	-0.903266	3.427512	5162.000000
189.500000	-0.295976	-0.903289	3.424677	5143.000000
190.000000	-0.296035	-0.903225	3.425278	5130.000000
190.500000	-0.296092	-0.903239	3.426081	5115.000000
191.000000	-0.296143	-0.903422	3.427364	5098.000000
191.500000	-0.296197	-0.903594	3.432982	5078.000000
192.000000	-0.296246	-0.903602	3.436427	5057.000000
192.500000	-0.296302	-0.903693	3.438228	5044.000000
193.000000	-0.296350	-0.903826	3.440825	5026.000000
193.500000	-0.296399	-0.903937	3.444255	5007.000000
194.000000	-0.296450	-0.903962	3.444767	4983.000000
194.500000	-0.296498	-0.904015	3.453664	4961.000000
195.000000	-0.296549	-0.904086	3.452630	4939.000000
195.500000	-0.296598	-0.904173	3.454079	4924.000000
196.000000	-0.296646	-0.904267	3.460717	4909.000000
196.500000	-0.296694	-0.904380	3.465728	4891.000000
197.000000	-0.296741	-0.904432	3.470443	4876.000000
197.500000	-0.296787	-0.904579	3.473194	4864.000000
198.000000	-0.296829	-0.904716	3.475902	4849.000000
198.500000	-0.296874	-0.904660	3.470726	4827.000000
199.000000	-0.296921	-0.904723	3.476812	4800.000000
199.500000	-0.296969	-0.904761	3.475786	4782.000000
200.000000	-0.297017	-0.904930	3.474986	4768.000000
