77 12
0.0  -3.0  -3.2929286873250163
0.0  -2.8181818181818183  -3.2654500659394925
0.0  -2.6363636363636362  -3.226845613364179
0.0  -2.4545454545454546  -3.175412906134837
0.0  -2.2727272727272725  -3.109299146532422
0.0  -2.090909090909091  -3.0265582281453796
0.0  -1.9090909090909092  -2.92524734025115
0.0  -1.7272727272727273  -2.803571392185644
0.0  -1.5454545454545454  -2.6600786038596858
0.0  -1.3636363636363635  -2.49390091458641
0.0  -1.1818181818181817  -2.3050181671695396
0.0  -1.0  -2.0945073227879614
0.08267349088394192  -3.0  -3.035239279437061
0.08267349088394192  -2.8181818181818183  -2.999083327834204
0.08267349088394192  -2.6363636363636362  -2.951243077911153
0.08267349088394192  -2.4545454545454546  -2.8900773445476187
0.08267349088394192  -2.2727272727272725  -2.8138522263557997
0.08267349088394192  -2.090909090909091  -2.7208158775879507
0.08267349088394192  -1.9090909090909092  -2.6093118116799134
0.08267349088394192  -1.7272727272727273  -2.477934764831965
0.08267349088394192  -1.5454545454545454  -2.3257264962600415
0.08267349088394192  -1.3636363636363635  -2.1523982921519105
0.08267349088394192  -1.1818181818181817  -1.9585532970236434
0.08267349088394192  -1.0  -1.7458682535687784
0.16534698176788384  -3.0  -2.77245896862103
0.16534698176788384  -2.8181818181818183  -2.727947669636251
0.16534698176788384  -2.6363636363636362  -2.671352428767073
0.16534698176788384  -2.4545454545454546  -2.6011355091597643
0.16534698176788384  -2.2727272727272725  -2.515727444585246
0.16534698176788384  -2.090909090909091  -2.413615182105156
0.16534698176788384  -1.9090909090909092  -2.2934650924859152
0.16534698176788384  -1.7272727272727273  -2.1542805153660876
0.16534698176788384  -1.5454545454545454  -1.9955860182465466
0.16534698176788384  -1.3636363636363635  -1.8176203489940386
0.16534698176788384  -1.1818181818181817  -1.6215089293673135
0.16534698176788384  -1.0  -1.4093782261702297
0.24802047265182575  -3.0  -2.5068400283400747
0.24802047265182575  -2.8181818181818183  -2.454424858987739
0.24802047265182575  -2.6363636363636362  -2.3896946993669657
0.24802047265182575  -2.4545454545454546  -2.311251305011778
0.24802047265182575  -2.2727272727272725  -2.2177249042844993
0.24802047265182575  -2.090909090909091  -2.107870537200233
0.24802047265182575  -1.9090909090909092  -1.9806935530368845
0.24802047265182575  -1.7272727272727273  -1.835600038113961
0.24802047265182575  -1.5454545454545454  -1.6725605145509308
0.24802047265182575  -1.3636363636363635  -1.4922665029751088
0.24802047265182575  -1.1818181818181817  -1.2962516795648125
0.24802047265182575  -1.0  -1.0869457113431709
0.3306939635357677  -3.0  -2.2406355821443484
0.3306939635357677  -2.8181818181818183  -2.1808781137570667
0.3306939635357677  -2.6363636363636362  -2.1087443180700682
0.3306939635357677  -2.4545454545454546  -2.0230034061816293
0.3306939635357677  -2.2727272727272725  -1.9225088469175389
0.3306939635357677  -2.090909090909091  -1.8062975614602745
0.3306939635357677  -1.9090909090909092  -1.6737113285809526
0.3306939635357677  -1.7272727272727273  -1.5245331486047649
0.3306939635357677  -1.5454545454545454  -1.3591246743950238
0.3306939635357677  -1.3636363636363635  -1.1785441365688838
0.3306939635357677  -1.1818181818181817  -0.9846196818837321
0.3306939635357677  -1.0  -0.7799533916390304
0.4133674544197096  -3.0  -1.976061423258649
0.4133674544197096  -2.8181818181818183  -1.9096101073580223
0.4133674544197096  -2.6363636363636362  -1.830884114783522
0.4133674544197096  -2.4545454545454546  -1.7388390652671397
0.4133674544197096  -2.2727272727272725  -1.6325634042612451
0.4133674544197096  -2.090909090909091  -1.5113755349769282
0.4133674544197096  -1.9090909090909092  -1.3749358025338845
0.4133674544197096  -1.7272727272727273  -1.2233641211535757
0.4133674544197096  -1.5454545454545454  -1.0573486634560756
0.4133674544197096  -1.3636363636363635  -0.8782266014321061
0.4133674544197096  -1.1818181818181817  -0.6880163240702317
0.4133674544197096  -1.0  -0.4893837172535429
0.4960409453036515  -3.0  -1.7152613862621404
0.4960409453036515  -2.8181818181818183  -1.642826642786468
0.4960409453036515  -2.6363636363636362  -1.55836874129524
0.4960409453036515  -2.4545454545454546  -1.4610396564440316
0.4960409453036515  -2.2727272727272725  -1.350163739567618
0.4960409453036515  -2.090909090909091  -1.2253287106817359
0.4960409453036515  -1.9090909090909092  -1.0864844492933736
0.4960409453036515  -1.7272727272727273  -0.9340394801454202
0.4960409453036515  -1.5454545454545454  -0.768941151720723
0.4960409453036515  -1.3636363636363635  -0.5927231723377719
0.4960409453036515  -1.1818181818181817  -0.40750486968041155
0.4960409453036515  -1.0  -0.21593133634725925
0.5787144361875934  -3.0  -1.4602775570042699
0.5787144361875934  -2.8181818181818183  -1.3826071094067318
0.5787144361875934  -2.6363636363636362  -1.2932971627225838
0.5787144361875934  -2.4545454545454546  -1.1916977444739194
0.5787144361875934  -2.2727272727272725  -1.0773609861350129
0.5787144361875934  -2.090909090909091  -0.9501229603812069
0.5787144361875934  -1.9090909090909092  -0.8101870915926712
0.5787144361875934  -1.7272727272727273  -0.6581990562807403
0.5787144361875934  -1.5454545454545454  -0.49530064266003304
0.5787144361875934  -1.3636363636363635  -0.3231494368336927
0.5787144361875934  -1.1818181818181817  -0.1438934248650292
0.5787144361875934  -1.0  0.03990494708582748
0.6613879270715354  -3.0  -1.21302602293134
0.6613879270715354  -2.8181818181818183  -1.1308820631128191
0.6613879270715354  -2.6363636363636362  -1.0375939283270572
0.6613879270715354  -2.4545454545454546  -0.9327044213515658
0.6613879270715354  -2.2727272727272725  -0.815978405266045
0.6613879270715354  -2.090909090909091  -0.6874735755925183
0.6613879270715354  -1.9090909090909092  -0.5476077151812184
0.6613879270715354  -1.7272727272727273  -0.3972130603152859
0.6613879270715354  -1.5454545454545454  -0.23756723093631837
0.6613879270715354  -1.3636363636363635  -0.07039085585688465
0.6613879270715354  -1.1818181818181817  0.1021949081281659
0.6613879270715354  -1.0  0.27775236359732647
0.7440614179554773  -3.0  -0.9752783550090602
0.7440614179554773  -2.8181818181818183  -0.8894176680556427
0.7440614179554773  -2.6363636363636362  -0.7929982920121108
0.7440614179554773  -2.4545454545454546  -0.6857450908777007
0.7440614179554773  -2.2727272727272725  -0.5676158803996265
0.7440614179554773  -2.090909090909091  -0.4388602351071307
0.7440614179554773  -1.9090909090909092  -0.3000709354759761
0.7440614179554773  -1.7272727272727273  -0.15221984447042836
0.7440614179554773  -1.5454545454545454  0.0033301615663106077
0.7440614179554773  -1.3636363636363635  0.16484406956345143
0.7440614179554773  -1.1818181818181817  0.33026789608805673
0.7440614179554773  -1.0  0.4973147198677015
0.8267349088394192  -3.0  -0.7486486191918096
0.8267349088394192  -2.8181818181818183  -0.6598063383753057
0.8267349088394192  -2.6363636363636362  -0.5610599211078671
0.8267349088394192  -2.4545454545454546  -0.45230173265432283
0.8267349088394192  -2.2727272727272725  -0.33366004910720903
0.8267349088394192  -2.090909090909091  -0.20554583352279598
0.8267349088394192  -1.9090909090909092  -0.06868952077157164
0.8267349088394192  -1.7272727272727273  0.07583900919634523
0.8267349088394192  -1.5454545454545454  0.2266335240028039
0.8267349088394192  -1.3636363636363635  0.3819818850269159
0.8267349088394192  -1.1818181818181817  0.5399248204856499
0.8267349088394192  -1.0  0.6983398137268104
0.9094083997233612  -3.0  -0.5345854494477686
0.9094083997233612  -2.8181818181818183  -0.4434627054358371
0.9094083997233612  -2.6363636363636362  -0.3431398454027854
0.9094083997233612  -2.4545454545454546  -0.23365981123298418
0.9094083997233612  -2.2727272727272725  -0.11529783210392708
0.9094083997233612  -2.090909090909091  0.011403271417170124
0.9094083997233612  -1.9090909090909092  0.14560932907983481
0.9094083997233612  -1.7272727272727273  0.28618798292223957
0.9094083997233612  -1.5454545454545454  0.4317231079603552
0.9094083997233612  -1.3636363636363635  0.5805527046367669
0.9094083997233612  -1.1818181818181817  0.7308294617654665
0.9094083997233612  -1.0  0.8805997942723747
0.992081890607303  -3.0  -0.33436856232936796
0.992081890607303  -2.8181818181818183  -0.24162396903873962
0.992081890607303  -2.6363636363636362  -0.1404153759028266
0.992081890607303  -2.4545454545454546  -0.03091828254192608
0.992081890607303  -2.2727272727272725  0.08646833317141933
0.992081890607303  -2.090909090909091  0.2110972057402174
0.992081890607303  -1.9090909090909092  0.3420601807211763
0.992081890607303  -1.7272727272727273  0.47819181769856556
0.992081890607303  -1.5454545454545454  0.6180919047965183
0.992081890607303  -1.3636363636363635  0.7601675147560503
0.992081890607303  -1.1818181818181817  0.9026926396265553
0.992081890607303  -1.0  1.043880808339795
1.074755381491245  -3.0  -0.14910903126139585
1.074755381491245  -2.8181818181818183  -0.05535372330243371
1.074755381491245  -2.6363636363636362  0.04611211024130091
1.074755381491245  -2.4545454545454546  0.15499851426508515
1.074755381491245  -2.2727272727272725  0.27080472783617493
1.074755381491245  -2.090909090909091  0.39280365363148784
1.074755381491245  -1.9090909090909092  0.5200385036845163
1.074755381491245  -1.7272727272727273  0.6513343827534266
1.074755381491245  -1.5454545454545454  0.7853261949961854
1.074755381491245  -1.3636363636363635  0.9205023609166338
1.074755381491245  -1.1818181818181817  1.0552617005686313
1.074755381491245  -1.0  1.187978884878976
1.1574288723751869  -3.0  0.020247357721847603
1.1574288723751869  -2.8181818181818183  0.1144515611767778
1.1574288723751869  -2.6363636363636362  0.21560742154872692
1.1574288723751869  -2.4545454545454546  0.32332797075316666
1.1574288723751869  -2.2727272727272725  0.43703080016296925
1.1574288723751869  -2.090909090909091  0.5559304970056522
1.1574288723751869  -1.9090909090909092  0.6790427186309627
1.1574288723751869  -1.7272727272727273  0.8052016117864249
1.1574288723751869  -1.5454545454545454  0.933090939512119
1.1574288723751869  -1.3636363636363635  1.0612876283163508
1.1574288723751869  -1.1818181818181817  1.1883147679521024
1.1574288723751869  -1.0  1.3126997150212905
1.2401023632591288  -3.0  0.17291429961275062
1.2401023632591288  -2.8181818181818183  0.26705409773120836
1.2401023632591288  -2.6363636363636362  0.3673905445674106
1.2401023632591288  -2.4545454545454546  0.4734559473772699
1.2401023632591288  -2.2727272727272725  0.584604250358495
1.2401023632591288  -2.090909090909091  0.7000101337163533
1.2401023632591288  -1.9090909090909092  0.8186788678660837
1.2401023632591288  -1.7272727272727273  0.939467766346318
1.2401023632591288  -1.5454545454545454  1.0611188438001993
1.2401023632591288  -1.3636363636363635  1.1823009112940719
1.2401023632591288  -1.1818181818181817  1.3016580705087648
1.2401023632591288  -1.0  1.4178606518352912
1.3227758541430708  -3.0  0.3082572700688364
1.3227758541430708  -2.8181818181818183  0.4018649576819202
1.3227758541430708  -2.6363636363636362  0.5009249020774917
1.3227758541430708  -2.4545454545454546  0.6049035398527103
1.3227758541430708  -2.2727272727272725  0.7131069527913483
1.3227758541430708  -2.090909090909091  0.8246854007259437
1.3227758541430708  -1.9090909090909092  0.9386475143544319
1.3227758541430708  -1.7272727272727273  1.0538843106020144
1.3227758541430708  -1.5454545454545454  1.1692021068379272
1.3227758541430708  -1.3636363636363635  1.2833623105284109
1.3227758541430708  -1.1818181818181817  1.395125144928678
1.3227758541430708  -1.0  1.5032938192677165
1.4054493450270127  -3.0  0.42578440032946707
1.4054493450270127  -2.8181818181818183  0.5184333064990492
1.4054493450270127  -2.6363636363636362  0.6158052533645106
1.4054493450270127  -2.4545454545454546  0.717314120259489
1.4054493450270127  -2.2727272727272725  0.8222317782030522
1.4054493450270127  -2.090909090909091  0.9296969415596195
1.4054493450270127  -1.9090909090909092  1.0387324732014247
1.4054493450270127  -1.7272727272727273  1.1482707892868949
1.4054493450270127  -1.5454545454545454  1.2571860942105848
1.4054493450270127  -1.3636363636363635  1.3643313321969985
1.4054493450270127  -1.1818181818181817  1.4685771223902306
1.4054493450270127  -1.0  1.5688496695209933
1.4881228359109546  -3.0  0.5251363074966946
1.4881228359109546  -2.8181818181818183  0.6164350422448148
1.4881228359109546  -2.6363636363636362  0.7117454968797134
1.4881228359109546  -2.4545454545454546  0.8104407935023472
1.4881228359109546  -2.2727272727272725  0.9117703048903651
1.4881228359109546  -2.090909090909091  1.0148718398496983
1.4881228359109546  -1.9090909090909092  1.1187910380039372
1.4881228359109546  -1.7272727272727273  1.222507245770774
1.4881228359109546  -1.5454545454545454  1.3249644038765882
1.4881228359109546  -1.3636363636363635  1.4251048606015022
1.4881228359109546  -1.1818181818181817  1.521903645763423
1.4881228359109546  -1.0  1.6144006706715532
1.5707963267948966  -3.0  0.6060751792041694
1.5707963267948966  -2.8181818181818183  0.6956610896857782
1.5707963267948966  -2.6363636363636362  0.7885665546206551
1.5707963267948966  -2.4545454545454546  0.8841343496344947
1.5707963267948966  -2.2727272727272725  0.9816013852444123
1.5707963267948966  -2.090909090909091  1.0801133708045771
1.5707963267948966  -1.9090909090909092  1.1787454570565015
1.5707963267948966  -1.7272727272727273  1.2765278738572183
1.5707963267948966  -1.5454545454545454  1.3724750053887942
1.5707963267948966  -1.3636363636363635  1.4656159256662293
1.5707963267948966  -1.1818181818181817  1.5550242280132993
1.5707963267948966  -1.0  1.6398450588460742
1.6534698176788385  -3.0  0.6684733477706346
1.6534698176788385  -2.8181818181818183  0.7560055440410509
1.6534698176788385  -2.6363636363636362  0.846184472711117
1.6534698176788385  -2.4545454545454546  0.9383317737085424
1.6534698176788385  -2.2727272727272725  1.0316805521554717
1.6534698176788385  -2.090909090909091  1.1253917855899895
1.6534698176788385  -1.9090909090909092  1.2185755253637702
1.6534698176788385  -1.7272727272727273  1.3103157515865755
1.6534698176788385  -1.5454545454545454  1.399697320645552
1.6534698176788385  -1.3636363636363635  1.4858331900822563
1.6534698176788385  -1.1818181818181817  1.5678900627373964
1.6534698176788385  -1.0  1.645110768742179
1.7361433085627804  -3.0  0.7123015500597036
1.7361433085627804  -2.8181818181818183  0.7974538310707153
1.7361433085627804  -2.6363636363636362  0.884598864616867
1.7361433085627804  -2.4545454545454546  0.9730453934867833
1.7361433085627804  -2.2727272727272725  1.062030301022849
1.7361433085627804  -2.090909090909091  1.1507361299612129
1.7361433085627804  -1.9090909090909092  1.2383122778370865
1.7361433085627804  -1.7272727272727273  1.3238986506964388
1.7361433085627804  -1.5454545454545454  1.4066502739868405
1.7361433085627804  -1.3636363636363635  1.4857612407141307
1.7361433085627804  -1.1818181818181817  1.5604864431930339
1.7361433085627804  -1.0  1.6301597749665024
1.8188167994467224  -3.0  0.7376170617438684
1.8188167994467224  -2.8181818181818183  0.8200710581770712
1.8188167994467224  -2.6363636363636362  0.9038818515312386
1.8188167994467224  -2.4545454545454546  0.9883527971810677
1.8188167994467224  -2.2727272727272725  1.0727313602088897
1.8188167994467224  -2.090909090909091  1.1562271993275781
1.8188167994467224  -1.9090909090909092  1.23803288857227
1.8188167994467224  -1.7272727272727273  1.3173460451636183
1.8188167994467224  -1.5454545454545454  1.393391468678822
1.8188167994467224  -1.3636363636363635  1.4654418860016762
1.8188167994467224  -1.1818181818181817  1.5328360406841766
1.8188167994467224  -1.0  1.5949931407787818
1.9014902903306643  -3.0  0.744551922298244
1.9014902903306643  -2.8181818181818183  0.8239907747417154
1.9014902903306643  -2.6363636363636362  0.904167715400676
1.9014902903306643  -2.4545454545454546  0.9843877317749068
1.9014902903306643  -2.2727272727272725  1.0639151566707783
1.9014902903306643  -2.090909090909091  1.1419918375394202
1.9014902903306643  -1.9090909090909092  1.2178569908004244
1.9014902903306643  -1.7272727272727273  1.2907675481244423
1.9014902903306643  -1.5454545454545454  1.3600177397185889
1.9014902903306643  -1.3636363636363635  1.4249567323862067
1.9014902903306643  -1.1818181818181817  1.485003336112603
1.9014902903306643  -1.0  1.5396570814227188
1.984163781214606  -3.0  0.733301529857822
1.984163781214606  -2.8181818181818183  0.8094044352677567
1.984163781214606  -2.6363636363636362  0.8856435663279982
1.984163781214606  -2.4545454545454546  0.9613322867472829
1.984163781214606  -2.2727272727272725  1.0357577813868966
1.984163781214606  -2.090909090909091  1.1081988823947322
1.984163781214606  -1.9090909090909092  1.1779447187826053
1.984163781214606  -1.7272727272727273  1.2443130768693202
1.984163781214606  -1.5454545454545454  1.3066673802450315
1.984163781214606  -1.3636363636363635  1.3644313317541044
1.984163781214606  -1.1818181818181817  1.4171004859157272
1.984163781214606  -1.0  1.464250304560004
2.066837272098548  -3.0  0.7041139777235608
2.066837272098548  -2.8181818181818183  0.7765519565612087
2.066837272098548  -2.6363636363636362  0.8485414245154883
2.066837272098548  -2.4545454545454546  0.9194107621960821
2.066837272098548  -2.2727272727272725  0.9884758435345833
2.066837272098548  -2.090909090909091  1.055057129484668
2.066837272098548  -1.9090909090909092  1.118496820111682
2.066837272098548  -1.7272727272727273  1.1781750664014072
2.066837272098548  -1.5454545454545454  1.2335243296194593
2.066837272098548  -1.3636363636363635  1.2840411509082563
2.066837272098548  -1.1818181818181817  1.3292948313115334
2.066837272098548  -1.0  1.3689327893405914
2.14951076298249  -3.0  0.6572806144215089
2.14951076298249  -2.8181818181818183  0.7257138636592524
2.14951076298249  -2.6363636363636362  0.7931322077930298
2.14951076298249  -2.4545454545454546  0.8588856928814657
2.14951076298249  -2.2727272727272725  0.9223246512869694
2.14951076298249  -2.090909090909091  0.982815706920444
2.14951076298249  -1.9090909090909092  1.03975717666486
2.14951076298249  -1.7272727272727273  1.0925930090756766
2.14951076298249  -1.5454545454545454  1.1408245356881566
2.14951076298249  -1.3636363636363635  1.1840195080131712
2.14951076298249  -1.1818181818181817  1.2218181270567214
2.14951076298249  -1.0  1.253936011657169
2.232184253866432  -3.0  0.5931284161816786
2.232184253866432  -2.8181818181818183  0.6572056045245944
2.232184253866432  -2.6363636363636362  0.7197221733332804
2.232184253866432  -2.4545454545454546  0.7800565247725115
2.232184253866432  -2.2727272727272725  0.8375991466021775
2.232184253866432  -2.090909090909091  0.8917672062202007
2.232184253866432  -1.9090909090909092  0.9420179891229321
2.232184253866432  -1.7272727272727273  0.9878604810088245
2.232184253866432  -1.5454545454545454  1.0288645576750524
2.232184253866432  -1.3636363636363635  1.0646674513314032
2.232184253866432  -1.1818181818181817  1.0949773794396507
2.232184253866432  -1.0  1.1195744270659116
2.3148577447503738  -3.0  0.5120148358011252
2.3148577447503738  -2.8181818181818183  0.5713746506013957
2.3148577447503738  -2.6363636363636362  0.628652357075363
2.3148577447503738  -2.4545454545454546  0.6832613918630477
2.3148577447503738  -2.2727272727272725  0.7346379298288637
2.3148577447503738  -2.090909090909091  0.7822537837502939
2.3148577447503738  -1.9090909090909092  0.8256277151674978
2.3148577447503738  -1.7272727272727273  0.8643346241820311
2.3148577447503738  -1.5454545454545454  0.8980122653818479
2.3148577447503738  -1.3636363636363635  0.9263653342184863
2.3148577447503738  -1.1818181818181817  0.9491669596586692
2.3148577447503738  -1.0  0.9662578048921446
2.397531235634316  -3.0  0.41432580083678294
2.397531235634316  -2.8181818181818183  0.46860095697479065
2.397531235634316  -2.6363636363636362  0.5203014589605071
2.397531235634316  -2.4545454545454546  0.5688822971828336
2.397531235634316  -2.2727272727272725  0.613830524232557
2.397531235634316  -2.090909090909091  0.6546762282406136
2.397531235634316  -1.9090909090909092  0.6910016095166434
2.397531235634316  -1.7272727272727273  0.7224477987278841
2.397531235634316  -1.5454545454545454  0.7487192338291877
2.397531235634316  -1.3636363636363635  0.7695855912080818
2.397531235634316  -1.1818181818181817  0.7848814252317415
2.397531235634316  -1.0  0.7945037957932986
2.4802047265182576  -3.0  0.3004774429107213
2.4802047265182576  -2.8181818181818183  0.3493012047311115
2.4802047265182576  -2.6363636363636362  0.3950924177957582
2.4802047265182576  -2.4545454545454546  0.4373537547123052
2.4802047265182576  -2.2727272727272725  0.4756277528803212
2.4802047265182576  -2.090909090909091  0.5095056953111627
2.4802047265182576  -1.9090909090909092  0.5386344158837153
2.4802047265182576  -1.7272727272727273  0.5627208306647458
2.4802047265182576  -1.5454545454545454  0.5815341626421078
2.4802047265182576  -1.3636363636363635  0.5949059779206329
2.4802047265182576  -1.1818181818181817  0.6027282736675084
2.4802047265182576  -1.0  0.6049499439302433
2.5628782174022  -3.0  0.17092192370814163
2.5628782174022  -2.8181818181818183  0.21393697580747628
2.5628782174022  -2.6363636363636362  0.2535026055889962
2.5628782174022  -2.4545454545454546  0.28917460990797084
2.5628782174022  -2.2727272727272725  0.3205547534808111
2.5628782174022  -2.090909090909091  0.34729747150687773
2.5628782174022  -1.9090909090909092  0.36911444500999147
2.5628782174022  -1.7272727272727273  0.3857769981139427
2.5628782174022  -1.5454545454545454  0.3971164088994523
2.5628782174022  -1.3636363636363635  0.40302234327730746
2.5628782174022  -1.1818181818181817  0.4034397064280977
2.5628782174022  -1.0  0.3983642559569516
2.6455517082861415  -3.0  0.026157376811758448
2.6455517082861415  -2.8181818181818183  0.06302662694526884
2.6455517082861415  -2.6363636363636362  0.0960771713667572
2.6455517082861415  -2.4545454545454546  0.12492236141497015
2.6455517082861415  -2.2727272727272725  0.14922578515113982
2.6455517082861415  -2.090909090909091  0.16870579760845406
2.6455517082861415  -1.9090909090909092  0.18313799029262423
2.6455517082861415  -1.7272727272727273  0.19235567330556447
2.6455517082861415  -1.5454545454545454  0.1962485559960767
2.6455517082861415  -1.3636363636363635  0.19475989499098856
2.6455517082861415  -1.1818181818181817  0.18788242867780758
2.6455517082861415  -1.0  0.1756534358144355
2.728225199170083  -3.0  -0.1332584685088476
2.728225199170083  -2.8181818181818183  -0.10283982687992266
2.728225199170083  -2.6363636363636362  -0.07655537068076823
2.728225199170083  -2.4545454545454546  -0.054731086725770206
2.728225199170083  -2.2727272727272725  -0.037640354390030106
2.728225199170083  -2.090909090909091  -0.025501486401916518
2.728225199170083  -1.9090909090909092  -0.018477162076915077
2.728225199170083  -1.7272727272727273  -0.016675584426437684
2.728225199170083  -1.5454545454545454  -0.02015311284186949
2.728225199170083  -1.3636363636363635  -0.02891807360609744
2.728225199170083  -1.1818181818181817  -0.042935430591151125
2.728225199170083  -1.0  -0.06213200437032684
2.8108986900540254  -3.0  -0.3066919190056152
2.8108986900540254  -2.8181818181818183  -0.2829839713739588
2.8108986900540254  -2.6363636363636362  -0.26366661273210124
2.8108986900540254  -2.4545454545454546  -0.24900363325025965
2.8108986900540254  -2.2727272727272725  -0.2392057160237746
2.8108986900540254  -2.090909090909091  -0.23442985733391408
2.8108986900540254  -1.9090909090909092  -0.2347804324315128
2.8108986900540254  -1.7272727272727273  -0.24031167472669468
2.8108986900540254  -1.5454545454545454  -0.25103128865250257
2.8108986900540254  -1.3636363636363635  -0.2669048964803211
2.8108986900540254  -1.1818181818181817  -0.28786102361587473
2.8108986900540254  -1.0  -0.3137963502032055
2.893572180937967  -3.0  -0.49341561341604323
2.893572180937967  -2.8181818181818183  -0.47662193007397136
2.893572180937967  -2.6363636363636362  -0.46441237200623675
2.893572180937967  -2.4545454545454546  -0.4569887172143057
2.893572180937967  -2.2727272727272725  -0.4545008814206313
2.893572180937967  -2.090909090909091  -0.457047950929359
2.893572180937967  -1.9090909090909092  -0.46468056311814854
2.893572180937967  -1.7272727272727273  -0.47740437003740266
2.893572180937967  -1.5454545454545454  -0.4951843014343873
2.893572180937967  -1.3636363636363635  -0.517949347081657
2.893572180937967  -1.1818181818181817  -0.5455975997797231
2.893572180937967  -1.0  -0.5780013343067933
2.9762456718219092  -3.0  -0.6925912367492497
2.9762456718219092  -2.8181818181818183  -0.6828487385579245
2.9762456718219092  -2.6363636363636362  -0.6778191448123221
2.9762456718219092  -2.4545454545454546  -0.6776441411989871
2.9762456718219092  -2.2727272727272725  -0.6824163195810113
2.9762456718219092  -2.090909090909091  -0.692181504305398
2.9762456718219092  -1.9090909090909092  -0.706942106249786
2.9762456718219092  -1.7272727272727273  -0.7266612353718163
2.9762456718219092  -1.5454545454545454  -0.7512673061185868
2.9762456718219092  -1.3636363636363635  -0.7806588903954061
2.9762456718219092  -1.1818181818181817  -0.8147096047502176
2.9762456718219092  -1.0  -0.8532728569559422
3.058919162705851  -3.0  -0.9032545447184237
3.058919162705851  -2.8181818181818183  -0.9006259165193304
3.058919162705851  -2.6363636363636362  -0.9027744658713699
3.058919162705851  -2.4545454545454546  -0.9097853191694205
3.058919162705851  -2.2727272727272725  -0.9216985051049478
3.058919162705851  -2.090909090909091  -0.9385122307196356
3.058919162705851  -1.9090909090909092  -0.9601868702528926
3.058919162705851  -1.7272727272727273  -0.9866494148620721
3.058919162705851  -1.5454545454545454  -1.0177981509931113
3.058919162705851  -1.3636363636363635  -1.0535073656158187
3.058919162705851  -1.1818181818181817  -1.0936319130199408
3.058919162705851  -1.0  -1.1380115162925581
3.141592653589793  -3.0  -1.1243044744792716
3.141592653589793  -2.8181818181818183  -1.1287737612571587
3.141592653589793  -2.6363636363636362  -1.1380224120171218
3.141592653589793  -2.4545454545454546  -1.1520838932597652
3.141592653589793  -2.2727272727272725  -1.1709514551691222
3.141592653589793  -2.090909090909091  -1.1945820174240522
3.141592653589793  -1.9090909090909092  -1.2229004798608731
3.141592653589793  -1.7272727272727273  -1.255804238581672
3.141592653589793  -1.5454545454545454  -1.293167717340663
3.141592653589793  -1.3636363636363635  -1.3348467587297963
3.141592653589793  -1.1818181818181817  -1.3806827560290993
3.141592653589793  -1.0  -1.4305064416067792
3.224266144473735  -3.0  -1.3544977540414207
3.224266144473735  -2.8181818181818183  -1.3659694406561385
3.224266144473735  -2.6363636363636362  -1.3821649964847826
3.224266144473735  -2.4545454545454546  -1.4030721544087101
3.224266144473735  -2.2727272727272725  -1.4286438421481313
3.224266144473735  -2.090909090909091  -1.458802366290437
3.224266144473735  -1.9090909090909092  -1.4934437755859253
3.224266144473735  -1.7272727272727273  -1.5324422249286314
3.224266144473735  -1.5454545454545454  -1.5756541945236746
3.224266144473735  -1.3636363636363635  -1.6229224531455566
3.224266144473735  -1.1818181818181817  -1.6740796873825365
3.224266144473735  -1.0  -1.7289517484394894
3.306939635357677  -3.0  -1.5924498684949087
3.306939635357677  -2.8181818181818183  -1.6107513839729322
3.306939635357677  -2.6363636363636362  -1.6336696270413023
3.306939635357677  -2.4545454545454546  -1.6611531608833667
3.306939635357677  -2.2727272727272725  -1.6931213477369624
3.306939635357677  -2.090909090909091  -1.7294685662769083
3.306939635357677  -1.9090909090909092  -1.7700684131588833
3.306939635357677  -1.7272727272727273  -1.8147777532274225
3.306939635357677  -1.5454545454545454  -1.8634405154588904
3.306939635357677  -1.3636363636363635  -1.9158911627489013
3.306939635357677  -1.1818181818181817  -1.9719577914472062
3.306939635357677  -1.0  -2.0314648400919726
3.3896131262416187  -3.0  -1.8366425924536578
3.3896131262416187  -2.8181818181818183  -1.8615298529064497
3.3896131262416187  -2.6363636363636362  -1.8908822414866606
3.3896131262416187  -2.4545454545454546  -1.9246159595878771
3.3896131262416187  -2.2727272727272725  -1.9626235126029796
3.3896131262416187  -2.090909090909091  -2.0047777527824024
3.3896131262416187  -1.9090909090909092  -2.050935763130658
3.3896131262416187  -1.7272727272727273  -2.1009424875632075
3.3896131262416187  -1.5454545454545454  -2.1546340416983876
3.3896131262416187  -1.3636363636363635  -2.211840664618183
3.3896131262416187  -1.1818181818181817  -2.2723892938184562
3.3896131262416187  -1.0  -2.336105763052048
3.472286617125561  -3.0  -2.0854376642819323
3.472286617125561  -2.8181818181818183  -2.1166030214940017
3.472286617125561  -2.6363636363636362  -2.1520452699715653
3.472286617125561  -2.4545454545454546  -2.191654942735723
3.472286617125561  -2.2727272727272725  -2.235304050890334
3.472286617125561  -2.090909090909091  -2.282849803604397
3.472286617125561  -1.9090909090909092  -2.3341380743103533
3.472286617125561  -1.7272727272727273  -2.389006553680903
3.472286617125561  -1.5454545454545454  -2.447287554121737
3.472286617125561  -1.3636363636363635  -2.5088104507832254
3.472286617125561  -1.1818181818181817  -2.5734037601827016
3.472286617125561  -1.0  -2.640896869542874
3.5549601080095026  -3.0  -2.3370956549731092
3.5549601080095026  -2.8181818181818183  -2.3741774769115818
3.5549601080095026  -2.6363636363636362  -2.415319259845779
3.5549601080095026  -2.4545454545454546  -2.4603921524232137
3.5549601080095026  -2.2727272727272725  -2.5092534602030674
3.5549601080095026  -2.090909090909091  -2.5617499500818877
3.5549601080095026  -1.9090909090909092  -2.617720847323159
3.5549601080095026  -1.7272727272727273  -2.677000494203008
3.5549601080095026  -1.5454545454545454  -2.7394206579744442
3.5549601080095026  -1.3636363636363635  -2.8048124905845007
3.5549601080095026  -1.1818181818181817  -2.8730081534743936
3.5549601080095026  -1.0  -2.943842128186809
3.6376335988934447  -3.0  -2.589798736002517
3.6376335988934447  -2.8181818181818183  -2.6323918140826748
3.6376335988934447  -2.6363636363636362  -2.6788068551160067
3.6376335988934447  -2.4545454545454546  -2.7289012814390805
3.6376335988934447  -2.2727272727272725  -2.782522756418389
3.6376335988934447  -2.090909090909091  -2.839512028060177
3.6376335988934447  -1.9090909090909092  -2.899705444050291
3.6376335988934447  -1.7272727272727273  -2.9629371284689343
3.6376335988934447  -1.5454545454545454  -3.0290408238442015
3.6376335988934447  -1.3636363636363635  -3.0978514120176674
3.6376335988934447  -1.1818181818181817  -3.169206133818955
3.6376335988934447  -1.0  -3.242945531202007
3.7203070897773864  -3.0  -2.8416758975386016
3.7203070897773864  -2.8181818181818183  -2.8893419370688527
3.7203070897773864  -2.6363636363636362  -2.9405778364058865
3.7203070897773864  -2.4545454545454546  -2.9952321876613337
3.7203070897773864  -2.2727272727272725  -3.0531472702204434
3.7203070897773864  -2.090909090909091  -3.114161425143925
3.7203070897773864  -1.9090909090909092  -3.1781111032021823
3.7203070897773864  -1.7272727272727273  -3.244832591271256
3.7203070897773864  -1.5454545454545454  -3.314163430580393
3.7203070897773864  -1.3636363636363635  -3.385943545974302
3.7203070897773864  -1.1818181818181817  -3.4600161083276517
3.7203070897773864  -1.0  -3.5362281529144224
3.8029805806613286  -3.0  -3.0908291946122404
3.8029805806613286  -2.8181818181818183  -3.14310677111433
3.8029805806613286  -2.6363636363636362  -3.1986940631305956
3.8029805806613286  -2.4545454545454546  -3.2574349031298384
3.8029805806613286  -2.2727272727272725  -3.3191696200013885
3.8029805806613286  -2.090909090909091  -3.3837369616169806
3.8029805806613286  -1.9090909090909092  -3.4509757081861263
3.8029805806613286  -1.7272727272727273  -3.5207259897505816
3.8029805806613286  -1.5454545454545454  -3.5928303260103913
3.8029805806613286  -1.3636363636363635  -3.667134408968046
3.8029805806613286  -1.1818181818181817  -3.7434876489646918
3.8029805806613286  -1.0  -3.8217435028577214
3.8856540715452703  -3.0  -3.335359761733754
3.8856540715452703  -2.8181818181818183  -3.391773284901924
3.8856540715452703  -2.6363636363636362  -3.451233371506154
3.8856540715452703  -2.4545454545454546  -3.513582334064017
3.8856540715452703  -2.2727272727272725  -3.5786611846136633
3.8856540715452703  -2.090909090909091  -3.6463111381135853
3.8856540715452703  -1.9090909090909092  -3.7163748314484915
3.8856540715452703  -1.7272727272727273  -3.7886972751014305
3.8856540715452703  -1.5454545454545454  -3.863126556168927
3.8856540715452703  -1.3636363636363635  -3.939514310881812
3.8856540715452703  -1.1818181818181817  -4.017715982385567
3.8856540715452703  -1.0  -4.097590875370185
3.968327562429212  -3.0  -3.573392582306188
3.968327562429212  -2.8181818181818183  -3.6334599726160106
3.968327562429212  -2.6363636363636362  -3.6963117247582113
3.968327562429212  -2.4545454545454546  -3.7617910755533326
3.968327562429212  -2.2727272727272725  -3.8297416064626932
3.968327562429212  -2.090909090909091  -3.9000083666384864
3.968327562429212  -1.9090909090909092  -3.9724387379056005
3.968327562429212  -1.7272727272727273  -4.04688305836353
3.968327562429212  -1.5454545454545454  -4.123195020153407
3.968327562429212  -1.3636363636363635  -4.20123185388818
3.968327562429212  -1.1818181818181817  -4.280854307353458
3.968327562429212  -1.0  -4.361926419281467
4.051001053313154  -3.0  -3.8030992761567273
4.051001053313154  -2.8181818181818183  -3.866338205288373
4.051001053313154  -2.6363636363636362  -3.932103148570175
4.051001053313154  -2.4545454545454546  -4.000239974713148
4.051001053313154  -2.2727272727272725  -4.0705960374191115
4.051001053313154  -2.090909090909091  -4.143020955219
4.051001053313154  -1.9090909090909092  -4.217367155868349
4.051001053313154  -1.7272727272727273  -4.293490198005319
4.051001053313154  -1.5454545454545454  -4.37124887902648
4.051001053313154  -1.3636363636363635  -4.450505132423201
4.051001053313154  -1.1818181818181817  -4.5311237099768995
4.051001053313154  -1.0  -4.612971633861797
4.133674544197096  -3.0  -4.022718435253735
4.133674544197096  -2.8181818181818183  -4.088651097898419
4.133674544197096  -2.6363636363636362  -4.15685719044606
4.133674544197096  -2.4545454545454546  -4.227186250453504
4.133674544197096  -2.2727272727272725  -4.29948998417149
4.133674544197096  -2.090909090909091  -4.37362273188756
4.133674544197096  -1.9090909090909092  -4.449441711984727
4.133674544197096  -1.7272727272727273  -4.526807048827648
4.133674544197096  -1.5454545454545454  -4.6055815829509985
4.133674544197096  -1.3636363636363635  -4.685630452990866
4.133674544197096  -1.1818181818181817  -4.766820426873882
4.133674544197096  -1.0  -4.849018944167518
4.216348035081038  -3.0  -4.230573267093822
4.216348035081038  -2.8181818181818183  -4.298729733531433
4.216348035081038  -2.6363636363636362  -4.368913803432486
4.216348035081038  -2.4545454545454546  -4.440979108965935
4.216348035081038  -2.2727272727272725  -4.514781712243618
4.216348035081038  -2.090909090909091  -4.590180270187364
4.216348035081038  -1.9090909090909092  -4.667035978840898
4.216348035081038  -1.7272727272727273  -4.745212290421319
4.216348035081038  -1.5454545454545454  -4.824574386037913
4.216348035081038  -1.3636363636363635  -4.904988373295879
4.216348035081038  -1.1818181818181817  -4.986320159985276
4.216348035081038  -1.0  -5.068433931333836
4.29902152596498  -3.0  -4.425086484241461
4.29902152596498  -2.8181818181818183  -4.495006731422089
4.29902152596498  -2.6363636363636362  -4.566715669976917
4.29902152596498  -2.4545454545454546  -4.640070882474079
4.29902152596498  -2.2727272727272725  -4.71493223242406
4.29902152596498  -2.090909090909091  -4.791161721427253
4.29902152596498  -1.9090909090909092  -4.868623107122401
4.29902152596498  -1.7272727272727273  -4.947181257812495
4.29902152596498  -1.5454545454545454  -5.026701203962426
4.29902152596498  -1.3636363636363635  -5.107046826084337
4.29902152596498  -1.1818181818181817  -5.188079091206887
4.29902152596498  -1.0  -5.269653713883806
4.381695016848922  -3.0  -4.604792505402577
4.381695016848922  -2.8181818181818183  -4.676027244096091
4.381695016848922  -2.6363636363636362  -4.748818055570271
4.381695016848922  -2.4545454545454546  -4.823025771756591
4.381695016848922  -2.2727272727272725  -4.898512928483305
4.381695016848922  -2.090909090909091  -4.975143278682295
4.381695016848922  -1.9090909090909092  -5.052781020548157
4.381695016848922  -1.7272727272727273  -5.131289691173461
4.381695016848922  -1.5454545454545454  -5.210530652629878
4.381695016848922  -1.3636363636363635  -5.290361066273978
4.381695016848922  -1.1818181818181817  -5.3706312096154285
4.381695016848922  -1.0  -5.451180934868113
4.464368507732864  -3.0  -4.76834711449219
4.464368507732864  -2.8181818181818183  -4.840457528457353
4.464368507732864  -2.6363636363636362  -4.91389632414146
4.464368507732864  -2.4545454545454546  -4.988526301609075
4.464368507732864  -2.2727272727272725  -5.064210903268139
4.464368507732864  -2.090909090909091  -5.140813308220954
4.464368507732864  -1.9090909090909092  -5.218195157774391
4.464368507732864  -1.7272727272727273  -5.2962148258625135
4.464368507732864  -1.5454545454545454  -5.374725112884404
4.464368507732864  -1.3636363636363635  -5.453570194601729
4.464368507732864  -1.1818181818181817  -5.5325815953441415
4.464368507732864  -1.0  -5.611572871630529
4.547041998616805  -3.0  -4.914534770383079
4.547041998616805  -2.8181818181818183  -4.987091268496374
4.547041998616805  -2.6363636363636362  -5.060751270748536
4.547041998616805  -2.4545454545454546  -5.135377616635722
4.547041998616805  -2.2727272727272725  -5.210832137024175
4.547041998616805  -2.090909090909091  -5.286974203573785
4.547041998616805  -1.9090909090909092  -5.363658772895258
4.547041998616805  -1.7272727272727273  -5.440733786188727
4.547041998616805  -1.5454545454545454  -5.51803673278184
4.547041998616805  -1.3636363636363635  -5.5953901164059765
4.547041998616805  -1.1818181818181817  -5.672595470590238
4.547041998616805  -1.0  -5.749425447045274
4.6297154895007475  -3.0  -5.042273784495297
4.6297154895007475  -2.8181818181818183  -5.114853846861045
4.6297154895007475  -2.6363636363636362  -5.188312446231814
4.6297154895007475  -2.4545454545454546  -5.262509768173198
4.6297154895007475  -2.2727272727272725  -5.337302584981954
4.6297154895007475  -2.090909090909091  -5.412542067339121
4.6297154895007475  -1.9090909090909092  -5.488070882099656
4.6297154895007475  -1.7272727272727273  -5.563719361545813
4.6297154895007475  -1.5454545454545454  -5.639300452935975
4.6297154895007475  -1.3636363636363635  -5.7146030558961165
4.6297154895007475  -1.1818181818181817  -5.789383221665965
4.6297154895007475  -1.0  -5.863352513457031
4.71238898038469  -3.0  -5.150619599499712
4.71238898038469  -2.8181818181818183  -5.2228047825748485
4.71238898038469  -2.6363636363636362  -5.29563967783577
4.71238898038469  -2.4545454545454546  -5.368978188224728
4.71238898038469  -2.2727272727272725  -5.442667410351179
4.71238898038469  -2.090909090909091  -5.5165444302480635
4.71238898038469  -1.9090909090909092  -5.590432099701336
4.71238898038469  -1.7272727272727273  -5.664133473445245
4.71238898038469  -1.5454545454545454  -5.737424478297335
4.71238898038469  -1.3636363636363635  -5.8100442421568355
4.71238898038469  -1.1818181818181817  -5.881682324925166
4.71238898038469  -1.0  -5.951961855589239
4.795062471268632  -3.0  -5.238766422494036
4.795062471268632  -2.8181818181818183  -5.310138585439246
4.795062471268632  -2.6363636363636362  -5.381923043201102
4.795062471268632  -2.4545454545454546  -5.453962628903074
4.795062471268632  -2.2727272727272725  -5.526088673072941
4.795062471268632  -2.090909090909091  -5.598116400114684
4.795062471268632  -1.9090909090909092  -5.669838873483723
4.795062471268632  -1.7272727272727273  -5.741019028044455
4.795062471268632  -1.5454545454545454  -5.811379177247165
4.795062471268632  -1.3636363636363635  -5.880587188651113
4.795062471268632  -1.1818181818181817  -5.94823827594192
4.795062471268632  -1.0  -6.013831053815711
4.877735962152573  -3.0  -5.306047500098037
4.877735962152573  -2.8181818181818183  -5.376184334386234
4.877735962152573  -2.6363636363636362  -5.446481643669335
4.877735962152573  -2.4545454545454546  -5.51676497866646
4.877735962152573  -2.2727272727272725  -5.586841988975575
4.877735962152573  -2.090909090909091  -5.656495913449817
4.877735962152573  -1.9090909090909092  -5.725477029966888
4.877735962152573  -1.7272727272727273  -5.793491419635396
4.877735962152573  -1.5454545454545454  -5.860186201498285
4.877735962152573  -1.3636363636363635  -5.925130145633421
4.877735962152573  -1.1818181818181817  -5.9877882732092775
4.877735962152573  -1.0  -6.047488710249707
4.960409453036515  -3.0  -5.351934377215041
4.960409453036515  -2.8181818181818183  -5.420404372967901
4.960409453036515  -2.6363636363636362  -5.48876165186793
4.960409453036515  -2.4545454545454546  -5.556806554526997
4.960409453036515  -2.2727272727272725  -5.624312942654193
4.960409453036515  -2.090909090909091  -5.691019142626352
4.960409453036515  -1.9090909090909092  -5.756616074811574
4.960409453036515  -1.7272727272727273  -5.82073170020198
4.960409453036515  -1.5454545454545454  -5.8829106699663525
4.960409453036515  -1.3636363636363635  -5.942587773250565
4.960409453036515  -1.1818181818181817  -5.999053458516713
4.960409453036515  -1.0  -6.0514093948900864
5.043082943920457  -3.0  -5.376035556124977
5.043082943920457  -2.8181818181818183  -5.442392628535309
5.043082943920457  -2.6363636363636362  -5.508334273366536
5.043082943920457  -2.4545454545454546  -5.573625703425215
5.043082943920457  -2.2727272727272725  -5.637994364843079
5.043082943920457  -2.090909090909091  -5.7011175654833846
5.043082943920457  -1.9090909090909092  -5.762606319129949
5.043082943920457  -1.7272727272727273  -5.82198428782956
5.043082943920457  -1.5454545454545454  -5.878660429597623
5.043082943920457  -1.3636363636363635  -5.931893667485198
5.043082943920457  -1.1818181818181817  -5.980747638515789
5.043082943920457  -1.0  -6.024033460536915
5.1257564348044  -3.0  -5.378095060480012
5.1257564348044  -2.8181818181818183  -5.441873189955266
5.1257564348044  -2.6363636363636362  -5.504894443272096
5.1257564348044  -2.4545454545454546  -5.566876796122858
5.1257564348044  -2.2727272727272725  -5.627485925511608
5.1257564348044  -2.090909090909091  -5.686318662097807
5.1257564348044  -1.9090909090909092  -5.742881511067719
5.1257564348044  -1.7272727272727273  -5.796562884709719
5.1257564348044  -1.5454545454545454  -5.84659743259928
5.1257564348044  -1.3636363636363635  -5.89202065279676
5.1257564348044  -1.1818181818181817  -5.931611932908593
5.1257564348044  -1.0  -5.963824510515335
5.208429925688341  -3.0  -5.3579914919859055
5.208429925688341  -2.8181818181818183  -5.418699895749761
5.208429925688341  -2.6363636363636362  -5.47826123739883
5.208429925688341  -2.4545454545454546  -5.53633190645894
5.208429925688341  -2.2727272727272725  -5.592497763302857
5.208429925688341  -2.090909090909091  -5.646252539810091
5.208429925688341  -1.9090909090909092  -5.696970055292585
5.208429925688341  -1.7272727272727273  -5.7438687280315
5.208429925688341  -1.5454545454545454  -5.7859667152593905
5.208429925688341  -1.3636363636363635  -5.8220260590286825
5.208429925688341  -1.1818181818181817  -5.8504846644089215
5.208429925688341  -1.0  -5.869376145327542
5.291103416572283  -3.0  -5.315738217778799
5.291103416572283  -2.8181818181818183  -5.372857749724764
5.291103416572283  -2.6363636363636362  -5.428381055760395
5.291103416572283  -2.4545454545454546  -5.481886553385975
5.291103416572283  -2.2727272727272725  -5.532859947868635
5.291103416572283  -2.090909090909091  -5.580666823555376
5.291103416572283  -1.9090909090909092  -5.624517837719049
5.291103416572283  -1.7272727272727273  -5.663425014614896
5.291103416572283  -1.5454545454545454  -5.696147749787251
5.291103416572283  -1.3636363636363635  -5.721127665584648
5.291103416572283  -1.1818181818181817  -5.736412752546212
5.291103416572283  -1.0  -5.739573814210475
5.373776907456225  -3.0  -5.251485307086934
5.373776907456225  -2.8181818181818183  -5.304466943000518
5.373776907456225  -2.6363636363636362  -5.355334561065604
5.373776907456225  -2.4545454545454546  -5.403570740326219
5.373776907456225  -2.2727272727272725  -5.448539308699759
5.373776907456225  -2.090909090909091  -5.48945167734976
5.373776907456225  -1.9090909090909092  -5.525324844958447
5.373776907456225  -1.7272727272727273  -5.554929906520245
5.373776907456225  -1.5454545454545454  -5.576730484732998
5.373776907456225  -1.3636363636363635  -5.588811827167005
5.373776907456225  -1.1818181818181817  -5.588803863098518
5.373776907456225  -1.0  -5.57380594635162
5.456450398340166  -3.0  -5.165523708001482
5.456450398340166  -2.8181818181818183  -5.2137900670983575
5.456450398340166  -2.6363636363636362  -5.259348054742408
5.456450398340166  -2.4545454545454546  -5.301566058327973
5.456450398340166  -2.2727272727272725  -5.339664430224491
5.456450398340166  -2.090909090909091  -5.372675668499969
5.456450398340166  -1.9090909090909092  -5.3993959488637975
5.456450398340166  -1.7272727272727273  -5.418327656501974
5.456450398340166  -1.5454545454545454  -5.427613873395449
5.456450398340166  -1.3636363636363635  -5.4249682176262715
5.456450398340166  -1.1818181818181817  -5.407607579203004
5.456450398340166  -1.0  -5.372201782609273
5.539123889224109  -3.0  -5.058291889330901
5.539123889224109  -2.8181818181818183  -5.101242714644055
5.539123889224109  -2.6363636363636362  -5.140809401025955
5.539123889224109  -2.4545454545454546  -5.176228770727224
5.539123889224109  -2.2727272727272725  -5.206558347434285
5.539123889224109  -2.090909090909091  -5.23063129371676
5.539123889224109  -1.9090909090909092  -5.2470033945936905
5.539123889224109  -1.7272727272727273  -5.253893163541777
5.539123889224109  -1.5454545454545454  -5.249118417323462
5.539123889224109  -1.3636363636363635  -5.23003644968891
5.539123889224109  -1.1818181818181817  -5.1935007521414125
5.539123889224109  -1.0  -5.1358553905606215
5.621797380108051  -3.0  -4.930384761833166
5.621797380108051  -2.8181818181818183  -4.96740708012839
5.621797380108051  -2.6363636363636362  -5.000287774413199
5.621797380108051  -2.4545454545454546  -5.028117598882501
5.621797380108051  -2.2727272727272725  -5.049776755923134
5.621797380108051  -2.090909090909091  -5.063886520761466
5.621797380108051  -1.9090909090909092  -5.068755018108177
5.621797380108051  -1.7272727272727273  -5.062320324915335
5.621797380108051  -1.5454545454545454  -5.042097444369052
5.621797380108051  -1.3636363636363635  -5.005140806260466
5.621797380108051  -1.1818181818181817  -4.948041026505584
5.621797380108051  -1.0  -4.866983291777054
5.704470870991993  -3.0  -4.782564167542166
5.704470870991993  -2.8181818181818183  -4.813047445473387
5.704470870991993  -2.6363636363636362  -4.838555497834797
5.704470870991993  -2.4545454545454546  -4.858023535983268
5.704470870991993  -2.2727272727272725  -4.870147638956842
5.704470870991993  -2.090909090909091  -4.873336108904805
5.704470870991993  -1.9090909090909092  -4.8656587849266355
5.704470870991993  -1.7272727272727273  -4.844800169065266
5.704470870991993  -1.5454545454545454  -4.808026619572521
5.704470870991993  -1.3636363636363635  -4.752183903031213
5.704470870991993  -1.1818181818181817  -4.67374871144113
5.704470870991993  -1.0  -4.568964850822557
5.787144361875934  -3.0  -4.615769659279936
5.787144361875934  -2.8181818181818183  -4.639125679348455
5.787144361875934  -2.6363636363636362  -4.65660923913849
5.787144361875934  -2.4545454545454546  -4.666997712962224
5.787144361875934  -2.2727272727272725  -4.6688065582179155
5.787144361875934  -2.090909090909091  -4.66024445569546
5.787144361875934  -1.9090909090909092  -4.639171974196038
5.787144361875934  -1.7272727272727273  -4.603072597689136
5.787144361875934  -1.5454545454545454  -4.549050022110606
5.787144361875934  -1.3636363636363635  -4.473871754129021
5.787144361875934  -1.1818181818181817  -4.374085042453489
5.787144361875934  -1.0  -4.246234354038462
5.869817852759876  -3.0  -4.43112779712656
5.869817852759876  -2.8181818181818183  -4.446814262112464
5.869817852759876  -2.6363636363636362  -4.455687089708731
5.869817852759876  -2.4545454545454546  -4.456372494201956
5.869817852759876  -2.2727272727272725  -4.447220993813974
5.869817852759876  -2.090909090909091  -4.42627105738797
5.869817852759876  -1.9090909090909092  -4.391223328542065
5.869817852759876  -1.7272727272727273  -4.339437097763587
5.869817852759876  -1.5454545454545454  -4.267965763728786
5.869817852759876  -1.3636363636363635  -4.1736530648400505
5.869817852759876  -1.1818181818181817  -4.05331480792076
5.869817852759876  -1.0  -3.9040280798598186
5.9524913436438185  -3.0  -4.229957894249571
5.9524913436438185  -2.8181818181818183  -4.237504052611764
5.9524913436438185  -2.6363636363636362  -4.237277816164419
5.9524913436438185  -2.4545454545454546  -4.227770940219065
5.9524913436438185  -2.2727272727272725  -4.207197515813439
5.9524913436438185  -2.090909090909091  -4.173470942935568
5.9524913436438185  -1.9090909090909092  -4.124199386364938
5.9524913436438185  -1.7272727272727273  -4.056713507098562
5.9524913436438185  -1.5454545454545454  -3.968144464700572
5.9524913436438185  -1.3636363636363635  -3.8555728977461703
5.9524913436438185  -1.1818181818181817  -3.716268096207231
5.9524913436438185  -1.0  -3.548027092744798
6.035164834527761  -3.0  -4.013772162737444
6.035164834527761  -2.8181818181818183  -4.012804182469388
6.035164834527761  -2.6363636363636362  -4.003119030552613
6.035164834527761  -2.4545454545454546  -3.983100738482932
6.035164834527761  -2.2727272727272725  -3.95086740682743
6.035164834527761  -2.090909090909091  -3.904265717558289
6.035164834527761  -1.9090909090909092  -3.8408917577406374
6.035164834527761  -1.7272727272727273  -3.7581528417389896
6.035164834527761  -1.5454545454545454  -3.6533874754861495
6.035164834527761  -1.3636363636363635  -3.524060039482375
6.035164834527761  -1.1818181818181817  -3.3680402999620838
6.035164834527761  -1.0  -3.1839624212142708
6.117838325411702  -3.0  -3.784268595626153
6.117838325411702  -2.8181818181818183  -3.7745321460113326
6.117838325411702  -2.6363636363636362  -3.7551821838328108
6.117838325411702  -2.4545454545454546  -3.7245306093739465
6.117838325411702  -2.2727272727272725  -3.6806493937013496
6.117838325411702  -2.090909090909091  -3.6213855389040015
6.117838325411702  -1.9090909090909092  -3.544409049980775
6.117838325411702  -1.7272727272727273  -3.4473079464657266
6.117838325411702  -1.5454545454545454  -3.3277444044565594
6.117838325411702  -1.3636363636363635  -3.1836819246701578
6.117838325411702  -1.1818181818181817  -3.0136825380724592
6.117838325411702  -1.0  -2.817253920464613
6.200511816295644  -3.0  -3.543315643816456
6.200511816295644  -2.8181818181818183  -3.52469326745258
6.200511816295644  -2.6363636363636362  -3.4956439724387556
6.200511816295644  -2.4545454545454546  -3.454449688339224
6.200511816295644  -2.2727272727272725  -3.399191732745063
6.200511816295644  -2.090909090909091  -3.3277873034037935
6.200511816295644  -1.9090909090909092  -3.238063603681108
6.200511816295644  -1.7272727272727273  -3.127881394811874
6.200511816295644  -1.5454545454545454  -2.9953172064572318
6.200511816295644  -1.3636363636363635  -2.8389059927192832
6.200511816295644  -1.1818181818181817  -2.6579322273837604
6.200511816295644  -1.0  -2.4527375840252885
6.283185307179586  -3.0  -3.2929286873250168
6.283185307179586  -2.8181818181818183  -3.2654500659394956
6.283185307179586  -2.6363636363636362  -3.2268456133641785
6.283185307179586  -2.4545454545454546  -3.1754129061348375
6.283185307179586  -2.2727272727272725  -3.1092991465324276
6.283185307179586  -2.090909090909091  -3.026558228145394
6.283185307179586  -1.9090909090909092  -2.925247340251152
6.283185307179586  -1.7272727272727273  -2.8035713921856464
6.283185307179586  -1.5454545454545454  -2.6600786038596884
6.283185307179586  -1.3636363636363635  -2.4939009145864057
6.283185307179586  -1.1818181818181817  -2.305018167169541
6.283185307179586  -1.0  -2.094507322787963
