77 12
0.8885312555607496 -3.1224489795918364 -2.4844784625486365
0.8885312555607496 -2.9183673469387754 -2.7310442448845156
0.8885312555607496 -2.7142857142857144 -3.028712899216002
0.8885312555607496 -2.5102040816326525 -3.358757774168527
0.8885312555607496 -2.3061224489795915 -3.7340736742604657
0.8885312555607496 -2.1020408163265305 -4.174057046927143
0.8885312555607496 -1.8979591836734695 -4.706712936575326
0.8885312555607496 -1.6938775510204085 -5.368147544194853
0.8885312555607496 -1.4897959183673466 -6.180780711452185
0.8885312555607496 -1.2857142857142856 -7.012262370219622
0.8885312555607496 -1.0816326530612246 -7.005197146363311
0.8885312555607496 -0.8775510204081627 -4.688732045063894
0.9519977738150889 -3.1224489795918364 -2.05307545340492
0.9519977738150889 -2.9183673469387754 -2.2103863713233536
0.9519977738150889 -2.7142857142857144 -2.3790197793037637
0.9519977738150889 -2.5102040816326525 -2.5382052127383905
0.9519977738150889 -2.3061224489795915 -2.6883470768777453
0.9519977738150889 -2.1020408163265305 -2.831887843857681
0.9519977738150889 -1.8979591836734695 -2.9728392187975086
0.9519977738150889 -1.6938775510204085 -3.114825790966642
0.9519977738150889 -1.4897959183673466 -3.254691370407322
0.9519977738150889 -1.2857142857142856 -3.359409956215891
0.9519977738150889 -1.0816326530612246 -3.291096818564801
0.9519977738150889 -0.8775510204081627 -2.8605720647319064
1.0154642920694281 -3.1224489795918364 -2.121993691224062
1.0154642920694281 -2.9183673469387754 -2.342710645370931
1.0154642920694281 -2.7142857142857144 -2.5971748247011486
1.0154642920694281 -2.5102040816326525 -2.8597399732695736
1.0154642920694281 -2.3061224489795915 -3.1298026328409874
1.0154642920694281 -2.1020408163265305 -3.4054480034027104
1.0154642920694281 -1.8979591836734695 -3.680424957806834
1.0154642920694281 -1.6938775510204085 -3.9374771133171187
1.0154642920694281 -1.4897959183673466 -4.134247225969235
1.0154642920694281 -1.2857142857142856 -4.178047673846941
1.0154642920694281 -1.0816326530612246 -3.90164832761097
1.0154642920694281 -0.8775510204081627 -3.2536424157879633
1.0789308103237674 -3.1224489795918364 -1.8014239868457471
1.0789308103237674 -2.9183673469387754 -1.9787131190481606
1.0789308103237674 -2.7142857142857144 -2.173565109661821
1.0789308103237674 -2.5102040816326525 -2.3619868032830773
1.0789308103237674 -2.3061224489795915 -2.541609119866237
1.0789308103237674 -2.1020408163265305 -2.7102563817054817
1.0789308103237674 -1.8979591836734695 -2.865021845096205
1.0789308103237674 -1.6938775510204085 -3.000303422290559
1.0789308103237674 -1.4897959183673466 -3.103926617418125
1.0789308103237674 -1.2857142857142856 -3.1505321771822112
1.0789308103237674 -1.0816326530612246 -3.093987717407685
1.0789308103237674 -0.8775510204081627 -2.91687472871099
1.1423973285781066 -3.1224489795918364 -1.8012457262711827
1.1423973285781066 -2.9183673469387754 -2.0170642689801044
1.1423973285781066 -2.7142857142857144 -2.2626338853494397
1.1423973285781066 -2.5102040816326525 -2.5099783912238496
1.1423973285781066 -2.3061224489795915 -2.7552407266063774
1.1423973285781066 -2.1020408163265305 -2.993182120747971
1.1423973285781066 -1.8979591836734695 -3.215701423216847
1.1423973285781066 -1.6938775510204085 -3.4093261334977694
1.1423973285781066 -1.4897959183673466 -3.5509733382731596
1.1423973285781066 -1.2857142857142856 -3.60158819454937
1.1423973285781066 -1.0816326530612246 -3.4996369274809034
1.1423973285781066 -0.8775510204081627 -3.231395116110545
1.2058638468324459 -3.1224489795918364 -1.543006431947377
1.2058638468324459 -2.9183673469387754 -1.7358415703156687
1.2058638468324459 -2.7142857142857144 -1.9523311642958705
1.2058638468324459 -2.5102040816326525 -2.166707096834574
1.2058638468324459 -2.3061224489795915 -2.375687221553342
1.2058638468324459 -2.1020408163265305 -2.575840097039822
1.2058638468324459 -1.8979591836734695 -2.7629868301888365
1.2058638468324459 -1.6938775510204085 -2.9311510933297296
1.2058638468324459 -1.4897959183673466 -3.070649311907525
1.2058638468324459 -1.2857142857142856 -3.164857153151602
1.2058638468324459 -1.0816326530612246 -3.1854835902119367
1.2058638468324459 -0.8775510204081627 -3.116290958798213
1.269330365086785 -3.1224489795918364 -1.489552477753459
1.269330365086785 -2.9183673469387754 -1.7028989648749573
1.269330365086785 -2.7142857142857144 -1.9460870038693192
1.269330365086785 -2.5102040816326525 -2.1909371709412113
1.269330365086785 -2.3061224489795915 -2.433244382614383
1.269330365086785 -2.1020408163265305 -2.6681459887102577
1.269330365086785 -1.8979591836734695 -2.8894678333848955
1.269330365086785 -1.6938775510204085 -3.0886911263962054
1.269330365086785 -1.4897959183673466 -3.253133341208488
1.269330365086785 -1.2857142857142856 -3.362816296544007
1.269330365086785 -1.0816326530612246 -3.385633357405505
1.269330365086785 -0.8775510204081627 -3.3046548896514123
1.3327968833411243 -3.1224489795918364 -1.281330722617614
1.3327968833411243 -2.9183673469387754 -1.483981288560997
1.3327968833411243 -2.7142857142857144 -1.7155400848196027
1.3327968833411243 -2.5102040816326525 -1.9494344942661224
1.3327968833411243 -2.3061224489795915 -2.182107606692666
1.3327968833411243 -2.1020408163265305 -2.409863870673322
1.3327968833411243 -1.8979591836734695 -2.6284749644816623
1.3327968833411243 -1.6938775510204085 -2.832548248401522
1.3327968833411243 -1.4897959183673466 -3.0143494885019253
1.3327968833411243 -1.2857142857142856 -3.1616414393360537
1.3327968833411243 -1.0816326530612246 -3.253932823185768
1.3327968833411243 -0.8775510204081627 -3.2708329269879863
1.3962634015954636 -3.1224489795918364 -1.1918520239505994
1.3962634015954636 -2.9183673469387754 -1.4031135120584706
1.3962634015954636 -2.7142857142857144 -1.646440314670233
1.3962634015954636 -2.5102040816326525 -1.89425146786901
1.3962634015954636 -2.3061224489795915 -2.142595709890209
1.3962634015954636 -2.1020408163265305 -2.3873013510125842
1.3962634015954636 -1.8979591836734695 -2.623623473391419
1.3962634015954636 -1.6938775510204085 -2.845704598974457
1.3962634015954636 -1.4897959183673466 -3.045561869075796
1.3962634015954636 -1.2857142857142856 -3.2111790623369636
1.3962634015954636 -1.0816326530612246 -3.3230565341226357
1.3962634015954636 -0.8775510204081627 -3.359731710855473
1.4597299198498028 -3.1224489795918364 -1.022155209995828
1.4597299198498028 -2.9183673469387754 -1.2284387390144151
1.4597299198498028 -2.7142857142857144 -1.4678923115850526
1.4597299198498028 -2.5102040816326525 -1.7139287334215254
1.4597299198498028 -2.3061224489795915 -1.9628994155625783
1.4597299198498028 -2.1020408163265305 -2.2111044591737183
1.4597299198498028 -1.8979591836734695 -2.4545259139154147
1.4597299198498028 -1.6938775510204085 -2.6884359704671352
1.4597299198498028 -1.4897959183673466 -2.9066570070856166
1.4597299198498028 -1.2857142857142856 -3.1001498204609117
1.4597299198498028 -1.0816326530612246 -3.254356405112991
1.4597299198498028 -0.8775510204081627 -3.345445615756594
1.5231964381041423 -3.1224489795918364 -0.91286229872294
1.5231964381041423 -2.9183673469387754 -1.1203949615451978
1.5231964381041423 -2.7142857142857144 -1.3629725595041888
1.5231964381041423 -2.5102040816326525 -1.6139938520365114
1.5231964381041423 -2.3061224489795915 -1.8697036116808967
1.5231964381041423 -2.1020408163265305 -2.1263260476361268
1.5231964381041423 -1.8979591836734695 -2.3798416113185263
1.5231964381041423 -1.6938775510204085 -2.62567312627369
1.5231964381041423 -1.4897959183673466 -2.858090813838837
1.5231964381041423 -1.2857142857142856 -3.0690656004355503
1.5231964381041423 -1.0816326530612246 -3.2460538617487167
1.5231964381041423 -0.8775510204081627 -3.3640367267112676
1.5866629563584815 -3.1224489795918364 -0.7729566979164058
1.5866629563584815 -2.9183673469387754 -0.9767827752898661
1.5866629563584815 -2.7142857142857144 -1.217182367334264
1.5866629563584815 -2.5102040816326525 -1.4683006362212365
1.5866629563584815 -2.3061224489795915 -1.7264537905779784
1.5866629563584815 -2.1020408163265305 -1.9879936926769948
1.5866629563584815 -1.8979591836734695 -2.2491299811012784
1.5866629563584815 -1.6938775510204085 -2.5056932371778204
1.5866629563584815 -1.4897959183673466 -2.7526888123296733
1.5866629563584815 -1.2857142857142856 -2.983439143221506
1.5866629563584815 -1.0816326530612246 -3.1878908433850466
1.5866629563584815 -0.8775510204081627 -3.339352304245312
1.6501294746128208 -3.1224489795918364 -0.6576729224563536
1.6501294746128208 -2.9183673469387754 -0.8582303379829325
1.6501294746128208 -2.7142857142857144 -1.0967705585596637
1.6501294746128208 -2.5102040816326525 -1.3480518968087385
1.6501294746128208 -2.3061224489795915 -1.6083785217222126
1.6501294746128208 -2.1020408163265305 -1.8741231308618636
1.6501294746128208 -1.8979591836734695 -2.141584066834311
1.6501294746128208 -1.6938775510204085 -2.4068028223877223
1.6501294746128208 -1.4897959183673466 -2.66522015285536
1.6501294746128208 -1.2857142857142856 -2.911018183128008
1.6501294746128208 -1.0816326530612246 -3.135799318436517
1.6501294746128208 -0.8775510204081627 -3.3115640152643095
1.71359599286716 -3.1224489795918364 -0.542232525313179
1.71359599286716 -2.9183673469387754 -0.7378062518416129
1.71359599286716 -2.7142857142857144 -0.9726618465872761
1.71359599286716 -2.5102040816326525 -1.2224061807694715
1.71359599286716 -2.3061224489795915 -1.4833416821160852
1.71359599286716 -2.1020408163265305 -1.7518605910414418
1.71359599286716 -1.8979591836734695 -2.0243354712296955
1.71359599286716 -1.6938775510204085 -2.296982582635813
1.71359599286716 -1.4897959183673466 -2.5656011966198653
1.71359599286716 -1.2857142857142856 -2.8250787975321185
1.71359599286716 -1.0816326530612246 -3.068380977110642
1.71359599286716 -0.8775510204081627 -3.2661541002875234
1.7770625111214993 -3.1224489795918364 -0.43200354554708426
1.7770625111214993 -2.9183673469387754 -0.6212785532485238
1.7770625111214993 -2.7142857142857144 -0.8510275732134258
1.7770625111214993 -2.5102040816326525 -1.0978695800176366
1.7770625111214993 -2.3061224489795915 -1.3580948307907146
1.7770625111214993 -2.1020408163265305 -1.6280944423134733
1.7770625111214993 -1.8979591836734695 -1.904283955512226
1.7770625111214993 -1.6938775510204085 -2.1830057758168318
1.7770625111214993 -1.4897959183673466 -2.4603347205485324
1.7770625111214993 -1.2857142857142856 -2.7317115364743874
1.7770625111214993 -1.0816326530612246 -2.9911806424579663
1.7770625111214993 -0.8775510204081627 -3.2080748450693646
1.8405290293758385 -3.1224489795918364 -0.33880878632735245
1.8405290293758385 -2.9183673469387754 -0.5206325578381352
1.8405290293758385 -2.7142857142857144 -0.7438155765729665
1.8405290293758385 -2.5102040816326525 -0.9861410749042344
1.8405290293758385 -2.3061224489795915 -1.243913768793854
1.8405290293758385 -2.1020408163265305 -1.5135317913394408
1.8405290293758385 -1.8979591836734695 -1.791441917872595
1.8405290293758385 -1.6938775510204085 -2.074073751217284
1.8405290293758385 -1.4897959183673466 -2.3576929811894285
1.8405290293758385 -1.2857142857142856 -2.6381232137226944
1.8405290293758385 -1.0816326530612246 -2.9101533771645927
1.8405290293758385 -0.8775510204081627 -3.1419422777271477
1.9039955476301778 -3.1224489795918364 -0.24212774812551746
1.9039955476301778 -2.9183673469387754 -0.41525827086902745
1.9039955476301778 -2.7142857142857144 -0.6306993534439554
1.9039955476301778 -2.5102040816326525 -0.8675506489624313
1.9039955476301778 -2.3061224489795915 -1.122092656757487
1.9039955476301778 -2.1020408163265305 -1.3906862922044994
1.9039955476301778 -1.8979591836734695 -1.6697649709327957
1.9039955476301778 -1.6938775510204085 -1.955801111557129
1.9039955476301778 -1.4897959183673466 -2.2452025349974427
1.9039955476301778 -1.2857142857142856 -2.5341103915660614
1.9039955476301778 -1.0816326530612246 -2.8179518106716124
1.9039955476301778 -0.8775510204081627 -3.063707256545264
1.967462065884517 -3.1224489795918364 -0.1712659640438464
1.967462065884517 -2.9183673469387754 -0.33412433794786844
1.967462065884517 -2.7142857142857144 -0.5397346796165053
1.967462065884517 -2.5102040816326525 -0.768767985263521
1.967462065884517 -2.3061224489795915 -1.0175753691657696
1.967462065884517 -2.1020408163265305 -1.2825400416200758
1.967462065884517 -1.8979591836734695 -1.5601077887120458
1.967462065884517 -1.6938775510204085 -1.8467842642086025
1.967462065884517 -1.4897959183673466 -2.1390648783719626
1.967462065884517 -1.2857142857142856 -2.43328238627911
1.967462065884517 -1.0816326530612246 -2.725246936783296
1.967462065884517 -0.8775510204081627 -2.9809482591371523
2.0309285841388562 -3.1224489795918364 -0.09452353353165507
2.0309285841388562 -2.9183673469387754 -0.24653933004381479
2.0309285841388562 -2.7142857142857144 -0.44189581423312224
2.0309285841388562 -2.5102040816326525 -0.6628726935513031
2.0309285841388562 -2.3061224489795915 -0.9058227314900371
2.0309285841388562 -2.1020408163265305 -1.1670882299646737
2.0309285841388562 -1.8979591836734695 -1.4430748967716591
2.0309285841388562 -1.6938775510204085 -1.730281221438999
2.0309285841388562 -1.4897959183673466 -2.0252604546306836
2.0309285841388562 -1.2857142857142856 -2.3245139252375897
2.0309285841388562 -1.0816326530612246 -2.6242113746544637
2.0309285841388562 -0.8775510204081627 -2.8893952494488446
2.0943951023931957 -3.1224489795918364 -0.04744390289017074
2.0943951023931957 -2.9183673469387754 -0.1864971537177726
2.0943951023931957 -2.7142857142857144 -0.36886026419802176
2.0943951023931957 -2.5102040816326525 -0.5788058074184573
2.0943951023931957 -2.3061224489795915 -0.8128423532130933
2.0943951023931957 -2.1020408163265305 -1.0673669111112052
2.0943951023931957 -1.8979591836734695 -1.3387893389298386
2.0943951023931957 -1.6938775510204085 -1.623600553750633
2.0943951023931957 -1.4897959183673466 -1.9183675747899918
2.0943951023931957 -1.2857142857142856 -2.2196610050678958
2.0943951023931957 -1.0816326530612246 -2.5238214019817846
2.0943951023931957 -0.8775510204081627 -2.7951254240400685
2.1578616206475347 -3.1224489795918364 0.0046827512913750185
2.1578616206475347 -2.9183673469387754 -0.12156862733805512
2.1578616206475347 -2.7142857142857144 -0.2912101640437993
2.1578616206475347 -2.5102040816326525 -0.4904284754411351
2.1578616206475347 -2.3061224489795915 -0.7158203228306064
2.1578616206475347 -2.1020408163265305 -0.9637876963668256
2.1578616206475347 -1.8979591836734695 -1.2307120943539058
2.1578616206475347 -1.6938775510204085 -1.5130595334487649
2.1578616206475347 -1.4897959183673466 -1.807406525438486
2.1578616206475347 -1.2857142857142856 -2.1104004747226877
2.1578616206475347 -1.0816326530612246 -2.418572767626883
2.1578616206475347 -0.8775510204081627 -2.6955289656412864
2.221328138901874 -3.1224489795918364 0.026067513769060826
2.221328138901874 -2.9183673469387754 -0.08496677610419688
2.221328138901874 -2.7142857142857144 -0.23881342352650162
2.221328138901874 -2.5102040816326525 -0.4240396824174548
2.221328138901874 -2.3061224489795915 -0.6375220207976596
2.221328138901874 -2.1020408163265305 -0.8757815346468676
2.221328138901874 -1.8979591836734695 -1.1352201273307119
2.221328138901874 -1.6938775510204085 -1.412276332314766
2.221328138901874 -1.4897959183673466 -1.7034918423686403
2.221328138901874 -1.2857142857142856 -2.005504444392969
2.221328138901874 -1.0816326530612246 -2.314891022828769
2.221328138901874 -0.8775510204081627 -2.594748184344571
2.284794657156213 -3.1224489795918364 0.05041850805488462
2.284794657156213 -2.9183673469387754 -0.04619449536466014
2.284794657156213 -2.7142857142857144 -0.18504705395941617
2.284794657156213 -2.5102040816326525 -0.35691673195953655
2.284794657156213 -2.3061224489795915 -0.5589201913826919
2.284794657156213 -2.1020408163265305 -0.7876859508288776
2.284794657156213 -1.8979591836734695 -1.0396422686452127
2.284794657156213 -1.6938775510204085 -1.3112165635811628
2.284794657156213 -1.4897959183673466 -1.5989387049426487
2.284794657156213 -1.2857142857142856 -1.8994663672257535
2.284794657156213 -1.0816326530612246 -2.209462389124813
2.284794657156213 -0.8775510204081627 -2.4916399784284193
2.3482611754105527 -3.1224489795918364 0.044507043064608356
2.3482611754105527 -2.9183673469387754 -0.03530866358708224
2.3482611754105527 -2.7142857142857144 -0.15612875439488927
2.3482611754105527 -2.5102040816326525 -0.3114206831481253
2.3482611754105527 -2.3061224489795915 -0.49875127577612616
2.3482611754105527 -2.1020408163265305 -0.7149822392691226
2.3482611754105527 -1.8979591836734695 -0.9566219008263908
2.3482611754105527 -1.6938775510204085 -1.2200853751586132
2.3482611754105527 -1.4897959183673466 -1.5018491277825492
2.3482611754105527 -1.2857142857142856 -1.798515267400646
2.3482611754105527 -1.0816326530612246 -2.1067175503455613
2.3482611754105527 -0.8775510204081627 -2.388930111342729
2.4117276936648917 -3.1224489795918364 0.03943234296979268
2.4117276936648917 -2.9183673469387754 -0.024925812941258885
2.4117276936648917 -2.7142857142857144 -0.1289391068643074
2.4117276936648917 -2.5102040816326525 -0.2685164935246597
2.4117276936648917 -2.3061224489795915 -0.4416704442834448
2.4117276936648917 -2.1020408163265305 -0.6455303007795786
2.4117276936648917 -1.8979591836734695 -0.8767353321016207
2.4117276936648917 -1.6938775510204085 -1.1317416277376329
2.4117276936648917 -1.4897959183673466 -1.4070218085294421
2.4117276936648917 -1.2857142857142856 -1.6991686488708988
2.4117276936648917 -1.0816326530612246 -2.0048361340926424
2.4117276936648917 -0.8775510204081627 -2.286398209111138
2.475194211919231 -3.1224489795918364 0.005548416863378373
2.475194211919231 -2.9183673469387754 -0.041309188644529087
2.475194211919231 -2.7142857142857144 -0.12582750885965818
2.475194211919231 -2.5102040816326525 -0.24678048686163934
2.475194211919231 -2.3061224489795915 -0.40283613403998597
2.475194211919231 -2.1020408163265305 -0.5915265765451714
2.475194211919231 -1.8979591836734695 -0.809687975137298
2.475194211919231 -1.6938775510204085 -1.05382838032975
2.475194211919231 -1.4897959183673466 -1.3203873674227125
2.475194211919231 -1.2857142857142856 -1.605888556054719
2.475194211919231 -1.0816326530612246 -1.9069165232432246
2.475194211919231 -0.8775510204081627 -2.1858773275766734
2.53866073017357 -3.1224489795918364 -0.02900960933019245
2.53866073017357 -2.9183673469387754 -0.0601909664995526
2.53866073017357 -2.7142857142857144 -0.12684166618153966
2.53866073017357 -2.5102040816326525 -0.2302692724651187
2.53866073017357 -2.3061224489795915 -0.36981232323971647
2.53866073017357 -2.1020408163265305 -0.5434775381461189
2.53866073017357 -1.8979591836734695 -0.7483903049780679
2.53866073017357 -1.6938775510204085 -0.981200191497724
2.53866073017357 -1.4897959183673466 -1.2383899769514681
2.53866073017357 -1.2857142857142856 -1.516476515644624
2.53866073017357 -1.0816326530612246 -1.8120305199200728
2.53866073017357 -0.8775510204081627 -2.087633751601403
2.6021272484279097 -3.1224489795918364 -0.09021511070760113
2.6021272484279097 -2.9183673469387754 -0.10420058080847892
2.6021272484279097 -2.7142857142857144 -0.15086928468130809
2.6021272484279097 -2.5102040816326525 -0.23437355804947366
2.6021272484279097 -2.3061224489795915 -0.35490744316864087
2.6021272484279097 -2.1020408163265305 -0.5110887593389921
2.6021272484279097 -1.8979591836734695 -0.7004142507657123
2.6021272484279097 -1.6938775510204085 -0.9197078674458388
2.6021272484279097 -1.4897959183673466 -1.165489005904434
2.6021272484279097 -1.2857142857142856 -1.4342304654096631
2.6021272484279097 -1.0816326530612246 -1.7224249345145786
2.6021272484279097 -0.8775510204081627 -1.992957281479004
2.6655937666822487 -3.1224489795918364 -0.152693146652646
2.6655937666822487 -2.9183673469387754 -0.15172958917019952
2.6655937666822487 -2.7142857142857144 -0.18045529139876007
2.6655937666822487 -2.5102040816326525 -0.24544193970662598
2.6655937666822487 -2.3061224489795915 -0.3477407502023055
2.6655937666822487 -2.1020408163265305 -0.48666529427906363
2.6655937666822487 -1.8979591836734695 -0.6602038047556255
2.6655937666822487 -1.6938775510204085 -0.8654755575922196
2.6655937666822487 -1.4897959183673466 -1.099139950052612
2.6655937666822487 -1.2857142857142856 -1.3577070909271387
2.6655937666822487 -1.0816326530612246 -1.6376565992319323
2.6655937666822487 -0.8775510204081627 -1.9023237545416278
2.729060284936588 -3.1224489795918364 -0.23911531925547366
2.729060284936588 -2.9183673469387754 -0.22226306581378547
2.729060284936588 -2.7142857142857144 -0.23161359563950193
2.729060284936588 -2.5102040816326525 -0.2763261112375952
2.729060284936588 -2.3061224489795915 -0.35843812268585595
2.729060284936588 -2.1020408163265305 -0.47807691238381755
2.729060284936588 -1.8979591836734695 -0.6338132186493544
2.729060284936588 -1.6938775510204085 -0.8231182813452308
2.729060284936588 -1.4897959183673466 -1.0428137055776683
2.729060284936588 -1.2857142857142856 -1.2894382795210002
2.729060284936588 -1.0816326530612246 -1.559422440287557
2.729060284936588 -0.8775510204081627 -1.8166820838708102
2.792526803190927 -3.1224489795918364 -0.3264807016380805
2.792526803190927 -2.9183673469387754 -0.29630318276023176
2.792526803190927 -2.7142857142857144 -0.2887088567561915
2.792526803190927 -2.5102040816326525 -0.31492805245646843
2.792526803190927 -2.3061224489795915 -0.37793568858745374
2.792526803190927 -2.1020408163265305 -0.47873438430255266
2.792526803190927 -1.8979591836734695 -0.6166002604379104
2.792526803190927 -1.6938775510204085 -0.7894963094329824
2.792526803190927 -1.4897959183673466 -0.9945340122068951
2.792526803190927 -1.2857142857142856 -1.2283840867423232
2.792526803190927 -1.0816326530612246 -1.4875076930281503
2.792526803190927 -0.8775510204081627 -1.7365558775923955
2.8559933214452666 -3.1224489795918364 -0.43473842821860065
2.8559933214452666 -2.9183673469387754 -0.390799654678408
2.8559933214452666 -2.7142857142857144 -0.36548902367236424
2.8559933214452666 -2.5102040816326525 -0.37213998116289765
2.8559933214452666 -2.3061224489795915 -0.4147121757567525
2.8559933214452666 -2.1020408163265305 -0.49515454287465793
2.8559933214452666 -1.8979591836734695 -0.613527596521499
2.8559933214452666 -1.6938775510204085 -0.7683560677348353
2.8559933214452666 -1.4897959183673466 -0.9570902435077534
2.8559933214452666 -1.2857142857142856 -1.176555050429859
2.8559933214452666 -1.0816326530612246 -1.4232368721894846
2.8559933214452666 -0.8775510204081627 -1.6626621990700738
2.9194598396996057 -3.1224489795918364 -0.5428635287365399
2.9194598396996057 -2.9183673469387754 -0.4878819150672416
2.9194598396996057 -2.7142857142857144 -0.447583951525947
2.9194598396996057 -2.5102040816326525 -0.43683067661905156
2.9194598396996057 -2.3061224489795915 -0.4604440220265039
2.9194598396996057 -2.1020408163265305 -0.5213219155258915
2.9194598396996057 -1.8979591836734695 -0.6204013163506052
2.9194598396996057 -1.6938775510204085 -0.7569045913817323
2.9194598396996057 -1.4897959183673466 -0.9287621501594902
2.9194598396996057 -1.2857142857142856 -1.1330768923256267
2.9194598396996057 -1.0816326530612246 -1.3664594707593525
2.9194598396996057 -0.8775510204081627 -1.5954780175960672
2.982926357953945 -3.1224489795918364 -0.6687270089574817
2.982926357953945 -2.9183673469387754 -0.6025989448783148
2.982926357953945 -2.7142857142857144 -0.5470619299515951
2.982926357953945 -2.5102040816326525 -0.5184454781294318
2.982926357953945 -2.3061224489795915 -0.5223945300463142
2.982926357953945 -2.1020408163265305 -0.5627563015078281
2.982926357953945 -1.8979591836734695 -0.6413827910582119
2.982926357953945 -1.6938775510204085 -0.7582546538766939
2.982926357953945 -1.4897959183673466 -0.9118448671164744
2.982926357953945 -1.2857142857142856 -1.0995823997663705
2.982926357953945 -1.0816326530612246 -1.3182267196833908
2.982926357953945 -0.8775510204081627 -1.5355427734934217
3.0463928762082846 -3.1224489795918364 -0.7929156417634883
3.0463928762082846 -2.9183673469387754 -0.718325880647231
3.0463928762082846 -2.7142857142857144 -0.6504141694733141
3.0463928762082846 -2.5102040816326525 -0.6064010819848026
3.0463928762082846 -2.3061224489795915 -0.592564589353183
3.0463928762082846 -2.1020408163265305 -0.6136253217416334
3.0463928762082846 -1.8979591836734695 -0.6723797616053142
3.0463928762082846 -1.6938775510204085 -0.7696687585586675
3.0463928762082846 -1.4897959183673466 -0.904642279490395
3.0463928762082846 -1.2857142857142856 -1.0751900200313416
3.0463928762082846 -1.0816326530612246 -1.278337399172272
3.0463928762082846 -0.8775510204081627 -1.4832254542176382
3.1098593944626236 -3.1224489795918364 -0.9318418896785886
3.1098593944626236 -2.9183673469387754 -0.8488178088818323
3.1098593944626236 -2.7142857142857144 -0.768584477402561
3.1098593944626236 -2.5102040816326525 -0.7091694210379655
3.1098593944626236 -2.3061224489795915 -0.6773821133693412
3.1098593944626236 -2.1020408163265305 -0.6787430683010329
3.1098593944626236 -1.8979591836734695 -0.7169693441414855
3.1098593944626236 -1.6938775510204085 -0.7937855988749716
3.1098593944626236 -1.4897959183673466 -0.9090715930298938
3.1098593944626236 -1.2857142857142856 -1.0612370533019355
3.1098593944626236 -1.0816326530612246 -1.2476209636487607
3.1098593944626236 -0.8775510204081627 -1.4389097920063887
3.173325912716963 -3.1224489795918364 -1.0673609617505464
3.173325912716963 -2.9183673469387754 -0.9783879627616588
3.173325912716963 -2.7142857142857144 -0.8886418621494062
3.173325912716963 -2.5102040816326525 -0.8164390626524947
3.173325912716963 -2.3061224489795915 -0.7688974121735844
3.173325912716963 -2.1020408163265305 -0.7521914463385028
3.173325912716963 -1.8979591836734695 -0.7709103132336618
3.173325912716963 -1.6938775510204085 -0.8277030196706139
3.173325912716963 -1.4897959183673466 -0.923279811038991
3.173325912716963 -1.2857142857142856 -1.0566971221502945
3.173325912716963 -1.0816326530612246 -1.2257334780131524
3.173325912716963 -0.8775510204081627 -1.4028076674345529
3.236792430971302 -3.1224489795918364 -1.2149703030528478
3.236792430971302 -2.9183673469387754 -1.1200390559600089
3.236792430971302 -2.7142857142857144 -1.0209164902818872
3.236792430971302 -2.5102040816326525 -0.9361580395939737
3.236792430971302 -2.3061224489795915 -0.8730703381892517
3.236792430971302 -2.1020408163265305 -0.8383581585088966
3.236792430971302 -1.8979591836734695 -0.8373946807367766
3.236792430971302 -1.6938775510204085 -0.8737202253487475
3.236792430971302 -1.4897959183673466 -0.9488930528726369
3.236792430971302 -1.2857142857142856 -1.0626645549215774
3.236792430971302 -1.0816326530612246 -1.2133085229391836
3.236792430971302 -0.8775510204081627 -1.3751506193119816
3.3002589492256416 -3.1224489795918364 -1.357448318321308
3.3002589492256416 -2.9183673469387754 -1.2587419903446158
3.3002589492256416 -2.7142857142857144 -1.152834709470969
3.3002589492256416 -2.5102040816326525 -1.0581026336577777
3.3002589492256416 -2.3061224489795915 -0.9818300145336089
3.3002589492256416 -2.1020408163265305 -0.9310698443857792
3.3002589492256416 -1.8979591836734695 -0.9118634230703135
3.3002589492256416 -1.6938775510204085 -0.92861003327886
3.3002589492256416 -1.4897959183673466 -0.983759661509027
3.3002589492256416 -1.2857142857142856 -1.0778536123712374
3.3002589492256416 -1.0816326530612246 -1.2097784251597008
3.3002589492256416 -0.8775510204081627 -1.3559465047703143
3.3637254674799806 -3.1224489795918364 -1.5098299628684164
3.3637254674799806 -2.9183673469387754 -1.4072042843468275
3.3637254674799806 -2.7142857142857144 -1.2945625068543063
3.3637254674799806 -2.5102040816326525 -1.1901171029763256
3.3637254674799806 -2.3061224489795915 -1.101035136196096
3.3637254674799806 -2.1020408163265305 -1.0345840141091946
3.3637254674799806 -1.8979591836734695 -0.9973435088678142
3.3637254674799806 -1.6938775510204085 -0.9944823594011732
3.3637254674799806 -1.4897959183673466 -1.0293081949165936
3.3637254674799806 -1.2857142857142856 -1.1031668349183628
3.3637254674799806 -1.0816326530612246 -1.2156008894649304
3.3637254674799806 -0.8775510204081627 -1.3452717468078499
3.42719198573432 -3.1224489795918364 -1.6554609766034512
3.42719198573432 -2.9183673469387754 -1.5507666660530384
3.42719198573432 -2.7142857142857144 -1.4336710801032355
3.42719198573432 -2.5102040816326525 -1.3219128527677233
3.42719198573432 -2.3061224489795915 -1.2223764971206939
3.42719198573432 -2.1020408163265305 -1.142367544122399
3.42719198573432 -1.8979591836734695 -1.088852903554918
3.42719198573432 -1.6938775510204085 -1.0676769239016703
3.42719198573432 -1.4897959183673466 -1.0829832848813312
3.42719198573432 -1.2857142857142856 -1.1369662482824552
3.42719198573432 -1.0816326530612246 -1.2299129000963043
3.42719198573432 -0.8775510204081627 -1.3428840211396724
3.490658503988659 -3.1224489795918364 -1.8092883509320432
3.490658503988659 -2.9183673469387754 -1.7022183421375892
3.490658503988659 -2.7142857142857144 -1.5805429158694118
3.490658503988659 -2.5102040816326525 -1.4616078786033815
3.490658503988659 -2.3061224489795915 -1.3519689976503044
3.490658503988659 -2.1020408163265305 -1.2588635717657115
3.490658503988659 -1.8979591836734695 -1.189510607794718
3.490658503988659 -1.6938775510204085 -1.1503055387616656
3.490658503988659 -1.4897959183673466 -1.1461444861362138
3.490658503988659 -1.2857142857142856 -1.1800383449536787
3.490658503988659 -1.0816326530612246 -1.253030474389686
3.490658503988659 -0.8775510204081627 -1.348708911839543
3.5541250222429985 -3.1224489795918364 -1.9548654222628166
3.5541250222429985 -2.9183673469387754 -1.8469630823779453
3.5541250222429985 -2.7142857142857144 -1.7226559985372423
3.5541250222429985 -2.5102040816326525 -1.5986779850051183
3.5541250222429985 -2.3061224489795915 -1.4811477192163138
3.5541250222429985 -2.1020408163265305 -1.3770942995977664
3.5541250222429985 -1.8979591836734695 -1.2938395684877404
3.5541250222429985 -1.6938775510204085 -1.238203762879796
3.5541250222429985 -1.4897959183673466 -1.2157600198017349
3.5541250222429985 -1.2857142857142856 -1.2303232008942977
3.5541250222429985 -1.0816326530612246 -1.2837367791909449
3.5541250222429985 -0.8775510204081627 -1.3622127849093224
3.6175915404973376 -3.1224489795918364 -2.107372395522929
3.6175915404973376 -2.9183673469387754 -1.9981892941855777
3.6175915404973376 -2.7142857142857144 -1.8709307028473179
3.6175915404973376 -2.5102040816326525 -1.7418451428506745
3.6175915404973376 -2.3061224489795915 -1.6166177600743186
3.6175915404973376 -2.1020408163265305 -1.5020104539624768
3.6175915404973376 -1.8979591836734695 -1.4053399592351061
3.6175915404973376 -1.6938775510204085 -1.3337239410505517
3.6175915404973376 -1.4897959183673466 -1.293299553377565
3.6175915404973376 -1.2857142857142856 -1.2886111775819264
3.6175915404973376 -1.0816326530612246 -1.3222733665697692
3.6175915404973376 -0.8775510204081627 -1.3831971360418236
3.681058058751677 -3.1224489795918364 -2.2502201198320595
3.681058058751677 -2.9183673469387754 -2.141044329663662
3.681058058751677 -2.7142857142857144 -2.0124799960916664
3.681058058751677 -2.5102040816326525 -1.8801346926079971
3.681058058751677 -2.3061224489795915 -1.7492005331235176
3.681058058751677 -2.1020408163265305 -1.6260789252253889
3.681058058751677 -1.8979591836734695 -1.5179609657818
3.681058058751677 -1.6938775510204085 -1.432135435502727
3.681058058751677 -1.4897959183673466 -1.3751997293604787
3.681058058751677 -1.2857142857142856 -1.3523695096807657
3.681058058751677 -1.0816326530612246 -1.3670264968294932
3.681058058751677 -0.8775510204081627 -1.4108064615550626
3.744524577006016 -3.1224489795918364 -2.3991103460510566
3.744524577006016 -2.9183673469387754 -2.289397807558617
3.744524577006016 -2.7142857142857144 -2.1590446968519132
3.744524577006016 -2.5102040816326525 -2.023165064100296
3.744524577006016 -2.3061224489795915 -1.8864977825284845
3.744524577006016 -2.1020408163265305 -1.7550722497205755
3.744524577006016 -1.8979591836734695 -1.635889801987872
3.744524577006016 -1.6938775510204085 -1.536308019255841
3.744524577006016 -1.4897959183673466 -1.463270325237643
3.744524577006016 -1.2857142857142856 -1.4225651558435086
3.744524577006016 -1.0816326530612246 -1.4182766088072176
3.744524577006016 -0.8775510204081627 -1.4447810281846027
3.8079910952603555 -3.1224489795918364 -2.5369854492278163
3.8079910952603555 -2.9183673469387754 -2.4278232890852856
3.8079910952603555 -2.7142857142857144 -2.297077089610849
3.8079910952603555 -2.5102040816326525 -2.1592504238408017
3.8079910952603555 -2.3061224489795915 -2.0186014934124614
3.8079910952603555 -2.1020408163265305 -1.8807347314069176
3.8079910952603555 -1.8979591836734695 -1.752379002996419
3.8079910952603555 -1.6938775510204085 -1.6408567634202913
3.8079910952603555 -1.4897959183673466 -1.5533524458756884
3.8079910952603555 -1.2857142857142856 -1.4961451436071336
3.8079910952603555 -1.0816326530612246 -1.4739799203692896
3.8079910952603555 -0.8775510204081627 -1.483924761293276
3.8714576135146945 -3.1224489795918364 -2.6803306396099926
3.8714576135146945 -2.9183673469387754 -2.571131617298442
3.8714576135146945 -2.7142857142857144 -2.4394001115711537
3.8714576135146945 -2.5102040816326525 -2.2991763081462406
3.8714576135146945 -2.3061224489795915 -2.154296253924903
3.8714576135146945 -2.1020408163265305 -2.0099630159456847
3.8714576135146945 -1.8979591836734695 -1.8726124746616182
3.8714576135146945 -1.6938775510204085 -1.7494688233470619
3.8714576135146945 -1.4897959183673466 -1.6478658103768575
3.8714576135146945 -1.2857142857142856 -1.5744749557619162
3.8714576135146945 -1.0816326530612246 -1.5346186195978029
3.8714576135146945 -0.8775510204081627 -1.5280231178737573
3.934924131769034 -3.1224489795918364 -2.811335027238093
3.934924131769034 -2.9183673469387754 -2.703027019579331
3.934924131769034 -2.7142857142857144 -2.571506338270786
3.934924131769034 -2.5102040816326525 -2.4302554268416556
3.934924131769034 -2.3061224489795915 -2.2826770184682803
3.934924131769034 -2.1020408163265305 -2.1335466095112037
3.934924131769034 -1.8979591836734695 -1.9889573402614116
3.934924131769034 -1.6938775510204085 -1.8559612344904064
3.934924131769034 -1.4897959183673466 -1.7419533144255883
3.934924131769034 -1.2857142857142856 -1.6539135179058506
3.934924131769034 -1.0816326530612246 -1.5976805672614334
3.934924131769034 -0.8775510204081627 -1.5755257071575626
3.998390650023373 -3.1224489795918364 -2.9474896641309822
3.998390650023373 -2.9183673469387754 -2.8394935018426715
3.998390650023373 -2.7142857142857144 -2.707543631337121
3.998390650023373 -2.5102040816326525 -2.5646968384362916
3.998390650023373 -2.3061224489795915 -2.413985108206242
3.998390650023373 -2.1020408163265305 -2.2597992268166203
3.998390650023373 -1.8979591836734695 -2.107901891914599
3.998390650023373 -1.6938775510204085 -1.965148887559947
3.998390650023373 -1.4897959183673466 -1.8389393266185605
3.998390650023373 -1.2857142857142856 -1.7364836537343589
3.998390650023373 -1.0816326530612246 -1.6640552603707768
3.998390650023373 -0.8775510204081627 -1.6264114997206218
4.0618571682777125 -3.1224489795918364 -3.070014846010281
4.0618571682777125 -2.9183673469387754 -2.963122130763275
4.0618571682777125 -2.7142857142857144 -2.831774126122007
4.0618571682777125 -2.5102040816326525 -2.688523161742469
4.0618571682777125 -2.3061224489795915 -2.536025350842438
4.0618571682777125 -2.1020408163265305 -2.3782745836076113
4.0618571682777125 -1.8979591836734695 -2.220675556394107
4.0618571682777125 -1.6938775510204085 -2.069840235096316
4.0618571682777125 -1.4897959183673466 -1.9331068635285438
4.0618571682777125 -1.2857142857142856 -1.8178447575670185
4.0618571682777125 -1.0816326530612246 -1.7306987766012112
4.0618571682777125 -0.8775510204081627 -1.6787528001679974
4.1253236865320515 -3.1224489795918364 -3.1975520128224613
4.1253236865320515 -2.9183673469387754 -3.0912405206597153
4.1253236865320515 -2.7142857142857144 -2.9598689223117844
4.1253236865320515 -2.5102040816326525 -2.815592496590032
4.1253236865320515 -2.3061224489795915 -2.6607481635871353
4.1253236865320515 -2.1020408163265305 -2.498981254614363
4.1253236865320515 -1.8979591836734695 -2.3353695248798187
4.1253236865320515 -1.6938775510204085 -2.1762870581386804
4.1253236865320515 -1.4897959183673466 -2.0289888184112037
4.1253236865320515 -1.2857142857142856 -1.900955752803915
4.1253236865320515 -1.0816326530612246 -1.799141488162594
4.1253236865320515 -0.8775510204081627 -1.7329016400996358
4.188790204786391 -3.1224489795918364 -3.310258201958613
4.188790204786391 -2.9183673469387754 -3.2051872486583215
4.188790204786391 -2.7142857142857144 -3.0746708920257158
4.188790204786391 -2.5102040816326525 -2.930403872331503
4.188790204786391 -2.3061224489795915 -2.77440056645991
4.188790204786391 -2.1020408163265305 -2.609951618182814
4.188790204786391 -1.8979591836734695 -2.441792587372947
4.188790204786391 -1.6938775510204085 -2.276030173869073
4.188790204786391 -1.4897959183673466 -2.119791398059331
4.188790204786391 -1.2857142857142856 -1.9806141434864981
4.188790204786391 -1.0816326530612246 -1.865705976481866
4.188790204786391 -0.8775510204081627 -1.7865066621835992
4.25225672304073 -3.1224489795918364 -3.427918451910948
4.25225672304073 -2.9183673469387754 -3.3236704854569825
4.25225672304073 -2.7142857142857144 -3.193461086982293
4.25225672304073 -2.5102040816326525 -3.0486002872828983
4.25225672304073 -2.3061224489795915 -2.890824563842438
4.25225672304073 -2.1020408163265305 -2.723113500498246
4.25225672304073 -1.8979591836734695 -2.54989739245016
4.25225672304073 -1.6938775510204085 -2.3770392493725407
4.25225672304073 -1.4897959183673466 -2.211543230753391
4.25225672304073 -1.2857142857142856 -2.0609884771331206
4.25225672304073 -1.0816326530612246 -1.9328020961190555
4.25225672304073 -0.8775510204081627 -1.8404846443767078
4.3157232412950695 -3.1224489795918364 -3.5297461344286036
4.3157232412950695 -2.9183673469387754 -3.426836748864393
4.3157232412950695 -2.7142857142857144 -3.2976528041380067
4.3157232412950695 -2.5102040816326525 -3.1530751484058097
4.3157232412950695 -2.3061224489795915 -2.9945609382360905
4.3157232412950695 -2.1020408163265305 -2.824775872891586
4.3157232412950695 -1.8979591836734695 -2.6478363131427503
4.3157232412950695 -1.6938775510204085 -2.4693429080096383
4.3157232412950695 -1.4897959183673466 -2.2961465115881374
4.3157232412950695 -1.2857142857142856 -2.13582759512631
4.3157232412950695 -1.0816326530612246 -1.995989370040502
4.3157232412950695 -0.8775510204081627 -1.8919901190674848
4.3791897595494085 -3.1224489795918364 -3.6363861302011813
4.3791897595494085 -2.9183673469387754 -3.534548552001231
4.3791897595494085 -2.7142857142857144 -3.405981694164484
4.3791897595494085 -2.5102040816326525 -3.261176165048601
4.3791897595494085 -2.3061224489795915 -3.1013385084573577
4.3791897595494085 -2.1020408163265305 -2.928852199076973
4.3791897595494085 -1.8979591836734695 -2.747551974924109
4.3791897595494085 -1.6938775510204085 -2.5628055135712025
4.3791897595494085 -1.4897959183673466 -2.381332429457177
4.3791897595494085 -1.2857142857142856 -2.2107249544591747
4.3791897595494085 -1.0816326530612246 -2.0587581571796085
4.3791897595494085 -0.8775510204081627 -1.9426758604107608
4.442656277803748 -3.1224489795918364 -3.726598763501013
4.442656277803748 -2.9183673469387754 -3.6261858555502355
4.442656277803748 -2.7142857142857144 -3.4987716588284985
4.442656277803748 -2.5102040816326525 -3.3544357399960667
4.442656277803748 -2.3061224489795915 -3.194137010649278
4.442656277803748 -2.1020408163265305 -3.01997824023279
4.442656277803748 -1.8979591836734695 -2.8355092556240518
4.442656277803748 -1.6938775510204085 -2.645853417628836
4.442656277803748 -1.4897959183673466 -2.4575780912351872
4.442656277803748 -1.2857142857142856 -2.2782579004928083
4.442656277803748 -1.0816326530612246 -2.1158059237795217
4.442656277803748 -0.8775510204081627 -1.9891397674078513
4.506122796058087 -3.1224489795918364 -3.8211249888225747
4.506122796058087 -2.9183673469387754 -3.7220587982874784
4.506122796058087 -2.7142857142857144 -3.595586264146054
4.506122796058087 -2.5102040816326525 -3.4513750230898363
4.506122796058087 -2.3061224489795915 -3.2901467881450333
4.506122796058087 -2.1020408163265305 -3.113738190667845
4.506122796058087 -1.8979591836734695 -2.925433570155687
4.506122796058087 -1.6938775510204085 -2.73013629686014
4.506122796058087 -1.4897959183673466 -2.5342892636984438
4.506122796058087 -1.2857142857142856 -2.3454771732472492
4.506122796058087 -1.0816326530612246 -2.171773379540817
4.506122796058087 -0.8775510204081627 -2.0338566834359586
4.569589314312426 -3.1224489795918364 -3.8993850551618463
4.569589314312426 -2.9183673469387754 -3.8018446147391045
4.569589314312426 -2.7142857142857144 -3.6766449478159537
4.569589314312426 -2.5102040816326525 -3.533046409671724
4.569589314312426 -2.3061224489795915 -3.3715432755703683
4.569589314312426 -2.1020408163265305 -3.19371425732785
4.569589314312426 -1.8979591836734695 -3.00258187986337
4.569589314312426 -1.6938775510204085 -2.8028256902095245
4.569589314312426 -1.4897959183673466 -2.6007511964779866
4.569589314312426 -1.2857142857142856 -2.4039320381305505
4.569589314312426 -1.0816326530612246 -2.2205752979960245
4.569589314312426 -0.8775510204081627 -2.0729077662894975
4.6330558325667655 -3.1224489795918364 -3.9806578819735945
4.6330558325667655 -2.9183673469387754 -3.88476600202284
4.6330558325667655 -2.7142857142857144 -3.7608595835723553
4.6330558325667655 -2.5102040816326525 -3.617753871403752
4.6330558325667655 -2.3061224489795915 -3.455708083794237
4.6330558325667655 -2.1020408163265305 -3.276038221105071
4.6330558325667655 -1.8979591836734695 -3.081506080710282
4.6330558325667655 -1.6938775510204085 -2.8765779801792264
4.6330558325667655 -1.4897959183673466 -2.6674447242962858
4.6330558325667655 -1.2857142857142856 -2.4617031241741807
4.6330558325667655 -1.0816326530612246 -2.2677349059646383
4.6330558325667655 -0.8775510204081627 -2.109453375559788
4.696522350821105 -3.1224489795918364 -4.047142287494782
4.696522350821105 -2.9183673469387754 -3.9529306958460273
4.696522350821105 -2.7142857142857144 -3.8304565739368495
4.696522350821105 -2.5102040816326525 -3.68811310311853
4.696522350821105 -2.3061224489795915 -3.525939882453839
4.696522350821105 -2.1020408163265305 -3.345004766947312
4.696522350821105 -1.8979591836734695 -3.1478197727152466
4.696522350821105 -1.6938775510204085 -2.938642494440222
4.696522350821105 -1.4897959183673466 -2.7235453806672005
4.696522350821105 -1.2857142857142856 -2.510136843975152
4.696522350821105 -1.0816326530612246 -2.306955473903924
4.696522350821105 -0.8775510204081627 -2.139407809670834
4.759988869075444 -3.1224489795918364 -4.113836640793458
4.759988869075444 -2.9183673469387754 -4.021576834270423
4.759988869075444 -2.7142857142857144 -3.900755345391109
4.759988869075444 -2.5102040816326525 -3.7592843429373266
4.759988869075444 -2.3061224489795915 -3.596964330357282
4.759988869075444 -2.1020408163265305 -3.414595275400223
4.759988869075444 -1.8979591836734695 -3.214423409240986
4.759988869075444 -1.6938775510204085 -3.000491364681696
4.759988869075444 -1.4897959183673466 -2.778763076345359
4.759988869075444 -1.2857142857142856 -2.5568880503345555
4.759988869075444 -1.0816326530612246 -2.3436087853421657
4.759988869075444 -0.8775510204081627 -2.165975741335376
4.823455387329783 -3.1224489795918364 -4.169399504623019
4.823455387329783 -2.9183673469387754 -4.079094391496672
4.823455387329783 -2.7142857142857144 -3.9599814554645194
4.823455387329783 -2.5102040816326525 -3.8195078112433265
4.823455387329783 -2.3061224489795915 -3.657245889651411
4.823455387329783 -2.1020408163265305 -3.4737383725050144
4.823455387329783 -1.8979591836734695 -3.27097453416628
4.823455387329783 -1.6938775510204085 -3.0527880859793335
4.823455387329783 -1.4897959183673466 -2.825037592483306
4.823455387329783 -1.2857142857142856 -2.5954146900045596
4.823455387329783 -1.0816326530612246 -2.3728653003790123
4.823455387329783 -0.8775510204081627 -2.1859714527586105
4.886921905584122 -3.1224489795918364 -4.219811440445588
4.886921905584122 -2.9183673469387754 -4.131695372673897
4.886921905584122 -2.7142857142857144 -4.014531897613595
4.886921905584122 -2.5102040816326525 -3.875263594796459
4.886921905584122 -2.3061224489795915 -3.7132223825807835
4.886921905584122 -2.1020408163265305 -3.5286790290964323
4.886921905584122 -1.8979591836734695 -3.3233513561593995
4.886921905584122 -1.6938775510204085 -3.1008544661322817
4.886921905584122 -1.4897959183673466 -2.8669428906556744
4.886921905584122 -1.2857142857142856 -2.629368021716899
4.886921905584122 -1.0816326530612246 -2.397313959518672
4.886921905584122 -0.8775510204081627 -2.2009573974217798
4.950388423838462 -3.1224489795918364 -4.266200560655506
4.950388423838462 -2.9183673469387754 -4.180551501884496
4.950388423838462 -2.7142857142857144 -4.065630640446433
4.950388423838462 -2.5102040816326525 -3.92782639745743
4.950388423838462 -2.3061224489795915 -3.7662088317351503
4.950388423838462 -2.1020408163265305 -3.580749921156849
4.950388423838462 -1.8979591836734695 -3.3728663852078
4.950388423838462 -1.6938775510204085 -3.1459285917333766
4.950388423838462 -1.4897959183673466 -2.9055735451004923
4.950388423838462 -1.2857142857142856 -2.6596203317472007
4.950388423838462 -1.0816326530612246 -2.4175243963962254
4.950388423838462 -0.8775510204081627 -2.2111737905058297
5.013854942092801 -3.1224489795918364 -4.297996509976362
5.013854942092801 -2.9183673469387754 -4.214574954126125
5.013854942092801 -2.7142857142857144 -4.101684362396103
5.013854942092801 -2.5102040816326525 -3.965221660400491
5.013854942092801 -2.3061224489795915 -3.804032114237923
5.013854942092801 -2.1020408163265305 -3.6178321655884003
5.013854942092801 -1.8979591836734695 -3.407783453425762
5.013854942092801 -1.6938775510204085 -3.1770549451337557
5.013854942092801 -1.4897959183673466 -2.931200309888059
5.013854942092801 -1.2857142857142856 -2.678125432702256
5.013854942092801 -1.0816326530612246 -2.427556495718701
5.013854942092801 -0.8775510204081627 -2.2128466274342626
5.07732146034714 -3.1224489795918364 -4.338121432903129
5.07732146034714 -2.9183673469387754 -4.258119821349553
5.07732146034714 -2.7142857142857144 -4.148515394909717
5.07732146034714 -2.5102040816326525 -4.014487202023243
5.07732146034714 -2.3061224489795915 -3.854543325115312
5.07732146034714 -2.1020408163265305 -3.668000851977496
5.07732146034714 -1.8979591836734695 -3.45560130124856
5.07732146034714 -1.6938775510204085 -3.2201515789411084
5.07732146034714 -1.4897959183673466 -2.967005186426348
5.07732146034714 -1.2857142857142856 -2.704124386071178
5.07732146034714 -1.0816326530612246 -2.441590231432684
5.07732146034714 -0.8775510204081627 -2.214890789719682
5.14078797860148 -3.1224489795918364 -4.348041356227247
5.14078797860148 -2.9183673469387754 -4.26987693171959
5.14078797860148 -2.7142857142857144 -4.161885147090733
5.14078797860148 -2.5102040816326525 -4.028838645166464
5.14078797860148 -2.3061224489795915 -3.869075897194798
5.14078797860148 -2.1020408163265305 -3.6817298515605374
5.14078797860148 -1.8979591836734695 -3.4673720536848798
5.14078797860148 -1.6938775510204085 -3.228700047547889
5.14078797860148 -1.4897959183673466 -2.9710716879627
5.14078797860148 -1.2857142857142856 -2.7026044073165685
5.14078797860148 -1.0816326530612246 -2.4336818527834647
5.14078797860148 -0.8775510204081627 -2.2009110748320184
5.204254496855819 -3.1224489795918364 -4.386272693772185
5.204254496855819 -2.9183673469387754 -4.313251472703607
5.204254496855819 -2.7142857142857144 -4.210527065599887
5.204254496855819 -2.5102040816326525 -4.081876866230115
5.204254496855819 -2.3061224489795915 -3.9251617288491607
5.204254496855819 -2.1020408163265305 -3.7389089232727617
5.204254496855819 -1.8979591836734695 -3.5230012570675244
5.204254496855819 -1.6938775510204085 -3.27947580285441
5.204254496855819 -1.4897959183673466 -3.01322948678191
5.204254496855819 -1.2857142857142856 -2.7323030795202716
5.204254496855819 -1.0816326530612246 -2.4475079671140016
5.204254496855819 -0.8775510204081627 -2.198458819420668
5.267721015110158 -3.1224489795918364 -4.369821853509812
5.267721015110158 -2.9183673469387754 -4.297455440907542
5.267721015110158 -2.7142857142857144 -4.194958717003528
5.267721015110158 -2.5102040816326525 -4.065906456089278
5.267721015110158 -2.3061224489795915 -3.908115566639333
5.267721015110158 -2.1020408163265305 -3.72011294829751
5.267721015110158 -1.8979591836734695 -3.5018527119832954
5.267721015110158 -1.6938775510204085 -3.2555411625742563
5.267721015110158 -1.4897959183673466 -2.9863499642431246
5.267721015110158 -1.2857142857142856 -2.702670442547448
5.267721015110158 -1.0816326530612246 -2.415666162137346
5.267721015110158 -0.8775510204081627 -2.165260707753158
5.331187533364497 -3.1224489795918364 -4.412270626415754
5.331187533364497 -2.9183673469387754 -4.348044551622437
5.331187533364497 -2.7142857142857144 -4.254421214205297
5.331187533364497 -2.5102040816326525 -4.133546543281296
5.331187533364497 -2.3061224489795915 -3.982529419859482
5.331187533364497 -2.1020408163265305 -3.798907973532877
5.331187533364497 -1.8979591836734695 -3.581394085242195
5.331187533364497 -1.6938775510204085 -3.3308503537872403
5.331187533364497 -1.4897959183673466 -3.0513038032223534
5.331187533364497 -1.2857142857142856 -2.7505975421869273
5.331187533364497 -1.0816326530612246 -2.4402920837285866
5.331187533364497 -0.8775510204081627 -2.165038940966954
5.394654051618837 -3.1224489795918364 -4.363466378831247
5.394654051618837 -2.9183673469387754 -4.29739138523398
5.394654051618837 -2.7142857142857144 -4.200926948474718
5.394654051618837 -2.5102040816326525 -4.07639107270637
5.394654051618837 -2.3061224489795915 -3.9210817149556263
5.394654051618837 -2.1020408163265305 -3.732919984384729
5.394654051618837 -1.8979591836734695 -3.5112382066038244
5.394654051618837 -1.6938775510204085 -3.257745905294245
5.394654051618837 -1.4897959183673466 -2.977434888648878
5.394654051618837 -1.2857142857142856 -2.679010044503897
5.394654051618837 -1.0816326530612246 -2.374505093162846
5.394654051618837 -0.8775510204081627 -2.1071662554525
5.458120569873176 -3.1224489795918364 -4.418149161102084
5.458120569873176 -2.9183673469387754 -4.365201111527421
5.458120569873176 -2.7142857142857144 -4.283874135689691
5.458120569873176 -2.5102040816326525 -4.174444049152691
5.458120569873176 -2.3061224489795915 -4.033177625565774
5.458120569873176 -2.1020408163265305 -3.8563629593930493
5.458120569873176 -1.8979591836734695 -3.641032440196555
5.458120569873176 -1.6938775510204085 -3.3860917429550037
5.458120569873176 -1.4897959183673466 -3.0937435457416997
5.458120569873176 -1.2857142857142856 -2.770792753190157
5.458120569873176 -1.0816326530612246 -2.429239779794487
5.458120569873176 -0.8775510204081627 -2.120385088580622
5.521587088127515 -3.1224489795918364 -4.329423837321813
5.521587088127515 -2.9183673469387754 -4.2700908500267944
5.521587088127515 -2.7142857142857144 -4.180156502321245
5.521587088127515 -2.5102040816326525 -4.060655728638669
5.521587088127515 -2.3061224489795915 -3.908415076317717
5.521587088127515 -2.1020408163265305 -3.720806437732426
5.521587088127515 -1.8979591836734695 -3.4965837385413225
5.521587088127515 -1.6938775510204085 -3.236956171308756
5.521587088127515 -1.4897959183673466 -2.9466577994442456
5.521587088127515 -1.2857142857142856 -2.634570278815225
5.521587088127515 -1.0816326530612246 -2.313486977934966
5.521587088127515 -0.8775510204081627 -2.0299201993507845
5.585053606381854 -3.1224489795918364 -4.406171505403416
5.585053606381854 -2.9183673469387754 -4.367873123000683
5.585053606381854 -2.7142857142857144 -4.303439605206963
5.585053606381854 -2.5102040816326525 -4.21111902331721
5.585053606381854 -2.3061224489795915 -4.086376387695433
5.585053606381854 -2.1020408163265305 -3.924013483925828
5.585053606381854 -1.8979591836734695 -3.718637887685171
5.585053606381854 -1.6938775510204085 -3.4657260620662718
5.585053606381854 -1.4897959183673466 -3.1634616436252654
5.585053606381854 -1.2857142857142856 -2.8152096795894033
5.585053606381854 -1.0816326530612246 -2.431933351099786
5.585053606381854 -0.8775510204081627 -2.0745356889441453
5.648520124636194 -3.1224489795918364 -4.268643926556052
5.648520124636194 -2.9183673469387754 -4.2165329183364095
5.648520124636194 -2.7142857142857144 -4.133718753880224
5.648520124636194 -2.5102040816326525 -4.019999962476208
5.648520124636194 -2.3061224489795915 -3.8718947501482255
5.648520124636194 -2.1020408163265305 -3.6864266120465685
5.648520124636194 -1.8979591836734695 -3.4619269836790396
5.648520124636194 -1.6938775510204085 -3.1990532631746667
5.648520124636194 -1.4897959183673466 -2.9018307773779246
5.648520124636194 -1.2857142857142856 -2.578429641268985
5.648520124636194 -1.0816326530612246 -2.2414436521789414
5.648520124636194 -0.8775510204081627 -1.9406346226363698
5.711986642890533 -3.1224489795918364 -4.412329840485093
5.711986642890533 -2.9183673469387754 -4.398441072623945
5.711986642890533 -2.7142857142857144 -4.364459732610956
5.711986642890533 -2.5102040816326525 -4.306263671245305
5.711986642890533 -2.3061224489795915 -4.218767947625914
5.711986642890533 -2.1020408163265305 -4.094776312596149
5.711986642890533 -1.8979591836734695 -3.9243980037379997
5.711986642890533 -1.6938775510204085 -3.6950524588121123
5.711986642890533 -1.4897959183673466 -3.3931419446555777
5.711986642890533 -1.2857142857142856 -3.0088533140799014
5.711986642890533 -1.0816326530612246 -2.5446716227672193
5.711986642890533 -0.8775510204081627 -2.0811085528457256
