77 12
0.8885312555607496 -3.1224489795918364 0.78071526173113
0.8885312555607496 -2.9183673469387754 0.561695397827308
0.8885312555607496 -2.7142857142857144 0.342675533923486
0.8885312555607496 -2.5102040816326525 0.123655670019662
0.8885312555607496 -2.3061224489795915 -0.09536419388416051
0.8885312555607496 -2.1020408163265305 -0.314384057787983
0.8885312555607496 -1.8979591836734695 -0.533403921691806
0.8885312555607496 -1.6938775510204085 -0.752423785595628
0.8885312555607496 -1.4897959183673466 -0.971443649499452
0.8885312555607496 -1.2857142857142856 -1.19046351340327
0.8885312555607496 -1.0816326530612246 -1.4094833773071
0.8885312555607496 -0.8775510204081627 -1.62850324121092
0.9519977738150889 -3.1224489795918364 0.775093638404921
0.9519977738150889 -2.9183673469387754 0.555040000148387
0.9519977738150889 -2.7142857142857144 0.334986361891854
0.9519977738150889 -2.5102040816326525 0.114932723635319
0.9519977738150889 -2.3061224489795915 -0.105120914621215
0.9519977738150889 -2.1020408163265305 -0.325174552877749
0.9519977738150889 -1.8979591836734695 -0.545228191134283
0.9519977738150889 -1.6938775510204085 -0.765281829390816
0.9519977738150889 -1.4897959183673466 -0.985335467647351
0.9519977738150889 -1.2857142857142856 -1.20538910590388
0.9519977738150889 -1.0816326530612246 -1.42544274416042
0.9519977738150889 -0.8775510204081627 -1.64549638241695
1.0154642920694281 -3.1224489795918364 0.753109932314199
1.0154642920694281 -2.9183673469387754 0.533179623187779
1.0154642920694281 -2.7142857142857144 0.313249314061359
1.0154642920694281 -2.5102040816326525 0.09331900493493839
1.0154642920694281 -2.3061224489795915 -0.126611304191482
1.0154642920694281 -2.1020408163265305 -0.346541613317901
1.0154642920694281 -1.8979591836734695 -0.566471922444321
1.0154642920694281 -1.6938775510204085 -0.786402231570741
1.0154642920694281 -1.4897959183673466 -1.00633254069716
1.0154642920694281 -1.2857142857142856 -1.22626284982358
1.0154642920694281 -1.0816326530612246 -1.44619315895
1.0154642920694281 -0.8775510204081627 -1.66612346807642
1.0789308103237674 -3.1224489795918364 0.712100282875483
1.0789308103237674 -2.9183673469387754 0.493613530677333
1.0789308103237674 -2.7142857142857144 0.275126778479182
1.0789308103237674 -2.5102040816326525 0.05664002628103004
1.0789308103237674 -2.3061224489795915 -0.161846725917121
1.0789308103237674 -2.1020408163265305 -0.380333478115272
1.0789308103237674 -1.8979591836734695 -0.598820230313422
1.0789308103237674 -1.6938775510204085 -0.817306982511574
1.0789308103237674 -1.4897959183673466 -1.03579373470973
1.0789308103237674 -1.2857142857142856 -1.25428048690788
1.0789308103237674 -1.0816326530612246 -1.47276723910603
1.0789308103237674 -0.8775510204081627 -1.69125399130418
1.1423973285781066 -3.1224489795918364 0.650050400487086
1.1423973285781066 -2.9183673469387754 0.434451763404578
1.1423973285781066 -2.7142857142857144 0.21885312632207
1.1423973285781066 -2.5102040816326525 0.003254489239561398
1.1423973285781066 -2.3061224489795915 -0.212344147842947
1.1423973285781066 -2.1020408163265305 -0.427942784925455
1.1423973285781066 -1.8979591836734695 -0.643541422007963
1.1423973285781066 -1.6938775510204085 -0.859140059090471
1.1423973285781066 -1.4897959183673466 -1.07473869617298
1.1423973285781066 -1.2857142857142856 -1.29033733325549
1.1423973285781066 -1.0816326530612246 -1.505935970338
1.1423973285781066 -0.8775510204081627 -1.7215346074205
1.2058638468324459 -3.1224489795918364 0.565933843519139
1.2058638468324459 -2.9183673469387754 0.354732701415418
1.2058638468324459 -2.7142857142857144 0.143531559311699
1.2058638468324459 -2.5102040816326525 -0.06766958279202262
1.2058638468324459 -2.3061224489795915 -0.278870724895743
1.2058638468324459 -2.1020408163265305 -0.490071866999464
1.2058638468324459 -1.8979591836734695 -0.701273009103184
1.2058638468324459 -1.6938775510204085 -0.912474151206904
1.2058638468324459 -1.4897959183673466 -1.12367529331063
1.2058638468324459 -1.2857142857142856 -1.33487643541435
1.2058638468324459 -1.0816326530612246 -1.54607757751807
1.2058638468324459 -0.8775510204081627 -1.75727871962179
1.269330365086785 -3.1224489795918364 0.459958744213094
1.269330365086785 -2.9183673469387754 0.254654313973621
1.269330365086785 -2.7142857142857144 0.04934988373414706
1.269330365086785 -2.5102040816326525 -0.155954546505326
1.269330365086785 -2.3061224489795915 -0.361258976744799
1.269330365086785 -2.1020408163265305 -0.566563406984272
1.269330365086785 -1.8979591836734695 -0.771867837223746
1.269330365086785 -1.6938775510204085 -0.977172267463218
1.269330365086785 -1.4897959183673466 -1.18247669770269
1.269330365086785 -1.2857142857142856 -1.38778112794217
1.269330365086785 -1.0816326530612246 -1.59308555818164
1.269330365086785 -0.8775510204081627 -1.79838998842111
1.3327968833411243 -3.1224489795918364 0.3336937626861
1.3327968833411243 -2.9183673469387754 0.135691742194336
1.3327968833411243 -2.7142857142857144 -0.06231027829742852
1.3327968833411243 -2.5102040816326525 -0.260312298789194
1.3327968833411243 -2.3061224489795915 -0.458314319280958
1.3327968833411243 -2.1020408163265305 -0.656316339772723
1.3327968833411243 -1.8979591836734695 -0.854318360264487
1.3327968833411243 -1.6938775510204085 -1.05232038075625
1.3327968833411243 -1.4897959183673466 -1.25032240124802
1.3327968833411243 -1.2857142857142856 -1.44832442173978
1.3327968833411243 -1.0816326530612246 -1.64632644223155
1.3327968833411243 -0.8775510204081627 -1.84432846272331
1.3962634015954636 -3.1224489795918364 0.190056201675255
1.3962634015954636 -2.9183673469387754 0.0005853011476824044
1.3962634015954636 -2.7142857142857144 -0.188885599379891
1.3962634015954636 -2.5102040816326525 -0.378356499907464
1.3962634015954636 -2.3061224489795915 -0.567827400435038
1.3962634015954636 -2.1020408163265305 -0.757298300962611
1.3962634015954636 -1.8979591836734695 -0.946769201490184
1.3962634015954636 -1.6938775510204085 -1.13624010201776
1.3962634015954636 -1.4897959183673466 -1.32571100254533
1.3962634015954636 -1.2857142857142856 -1.5151819030729
1.3962634015954636 -1.0816326530612246 -1.70465280360048
1.3962634015954636 -0.8775510204081627 -1.89412370412805
1.4597299198498028 -3.1224489795918364 0.03315925618042392
1.4597299198498028 -2.9183673469387754 -0.146803810813894
1.4597299198498028 -2.7142857142857144 -0.326766877808212
1.4597299198498028 -2.5102040816326525 -0.50672994480253
1.4597299198498028 -2.3061224489795915 -0.686693011796847
1.4597299198498028 -2.1020408163265305 -0.866656078791165
1.4597299198498028 -1.8979591836734695 -1.04661914578548
1.4597299198498028 -1.6938775510204085 -1.2265822127798
1.4597299198498028 -1.4897959183673466 -1.40654527977412
1.4597299198498028 -1.2857142857142856 -1.58650834676844
1.4597299198498028 -1.0816326530612246 -1.76647141376275
1.4597299198498028 -0.8775510204081627 -1.94643448075707
1.5231964381041423 -3.1224489795918364 -0.131970114059113
1.5231964381041423 -2.9183673469387754 -0.301759178636372
1.5231964381041423 -2.7142857142857144 -0.471548243213632
1.5231964381041423 -2.5102040816326525 -0.641337307790892
1.5231964381041423 -2.3061224489795915 -0.811126372368151
1.5231964381041423 -2.1020408163265305 -0.980915436945411
1.5231964381041423 -1.8979591836734695 -1.15070450152267
1.5231964381041423 -1.6938775510204085 -1.32049356609993
1.5231964381041423 -1.4897959183673466 -1.49028263067719
1.5231964381041423 -1.2857142857142856 -1.66007169525445
1.5231964381041423 -1.0816326530612246 -1.82986075983171
1.5231964381041423 -0.8775510204081627 -1.99964982440897
1.5866629563584815 -3.1224489795918364 -0.299777686557983
1.5866629563584815 -2.9183673469387754 -0.459072620233772
1.5866629563584815 -2.7142857142857144 -0.618367553909561
1.5866629563584815 -2.5102040816326525 -0.777662487585351
1.5866629563584815 -2.3061224489795915 -0.93695742126114
1.5866629563584815 -2.1020408163265305 -1.09625235493693
1.5866629563584815 -1.8979591836734695 -1.25554728861272
1.5866629563584815 -1.6938775510204085 -1.41484222228851
1.5866629563584815 -1.4897959183673466 -1.5741371559643
1.5866629563584815 -1.2857142857142856 -1.73343208964009
1.5866629563584815 -1.0816326530612246 -1.89272702331588
1.5866629563584815 -0.8775510204081627 -2.05202195699167
1.6501294746128208 -3.1224489795918364 -0.46463671278876
1.6501294746128208 -2.9183673469387754 -0.613471396404472
1.6501294746128208 -2.7142857142857144 -0.762306080020184
1.6501294746128208 -2.5102040816326525 -0.911140763635896
1.6501294746128208 -2.3061224489795915 -1.05997544725161
1.6501294746128208 -2.1020408163265305 -1.20881013086732
1.6501294746128208 -1.8979591836734695 -1.35764481448303
1.6501294746128208 -1.6938775510204085 -1.50647949809874
1.6501294746128208 -1.4897959183673466 -1.65531418171446
1.6501294746128208 -1.2857142857142856 -1.80414886533017
1.6501294746128208 -1.0816326530612246 -1.95298354894588
1.6501294746128208 -0.8775510204081627 -2.10181823256159
1.71359599286716 -3.1224489795918364 -0.621327137399476
1.71359599286716 -2.9183673469387754 -0.760068047796834
1.71359599286716 -2.7142857142857144 -0.898808958194192
1.71359599286716 -2.5102040816326525 -1.03754986859155
1.71359599286716 -2.3061224489795915 -1.17629077898891
1.71359599286716 -2.1020408163265305 -1.31503168938627
1.71359599286716 -1.8979591836734695 -1.45377259978363
1.71359599286716 -1.6938775510204085 -1.59251351018098
1.71359599286716 -1.4897959183673466 -1.73125442057834
1.71359599286716 -1.2857142857142856 -1.8699953309757
1.71359599286716 -1.0816326530612246 -2.00873624137306
1.71359599286716 -0.8775510204081627 -2.14747715177042
1.7770625111214993 -3.1224489795918364 -0.765492258771556
1.7770625111214993 -2.9183673469387754 -0.89478868086777
1.7770625111214993 -2.7142857142857144 -1.02408510296398
1.7770625111214993 -2.5102040816326525 -1.1533815250602
1.7770625111214993 -2.3061224489795915 -1.28267794715641
1.7770625111214993 -2.1020408163265305 -1.41197436925263
1.7770625111214993 -1.8979591836734695 -1.54127079134884
1.7770625111214993 -1.6938775510204085 -1.67056721344506
1.7770625111214993 -1.4897959183673466 -1.79986363554127
1.7770625111214993 -1.2857142857142856 -1.92916005763749
1.7770625111214993 -1.0816326530612246 -2.0584564797337
1.7770625111214993 -0.8775510204081627 -2.18775290182992
1.8405290293758385 -3.1224489795918364 -0.894027193194105
1.8405290293758385 -2.9183673469387754 -1.01473688699877
1.8405290293758385 -2.7142857142857144 -1.13544658080343
1.8405290293758385 -2.5102040816326525 -1.2561562746081
1.8405290293758385 -2.3061224489795915 -1.37686596841276
1.8405290293758385 -2.1020408163265305 -1.49757566221742
1.8405290293758385 -1.8979591836734695 -1.61828535602209
1.8405290293758385 -1.6938775510204085 -1.73899504982675
1.8405290293758385 -1.4897959183673466 -1.85970474363142
1.8405290293758385 -1.2857142857142856 -1.98041443743608
1.8405290293758385 -1.0816326530612246 -2.10112413124074
1.8405290293758385 -0.8775510204081627 -2.22183382504541
1.9039955476301778 -3.1224489795918364 -1.00535950093848
1.9039955476301778 -2.9183673469387754 -1.11845614951549
1.9039955476301778 -2.7142857142857144 -1.23155279809251
1.9039955476301778 -2.5102040816326525 -1.34464944666953
1.9039955476301778 -2.3061224489795915 -1.45774609524655
1.9039955476301778 -2.1020408163265305 -1.57084274382357
1.9039955476301778 -1.8979591836734695 -1.68393939240058
1.9039955476301778 -1.6938775510204085 -1.7970360409776
1.9039955476301778 -1.4897959183673466 -1.91013268955462
1.9039955476301778 -1.2857142857142856 -2.02322933813164
1.9039955476301778 -1.0816326530612246 -2.13632598670866
1.9039955476301778 -0.8775510204081627 -2.24942263528568
1.967462065884517 -3.1224489795918364 -1.0995923602733
1.967462065884517 -2.9183673469387754 -1.20606304120557
1.967462065884517 -2.7142857142857144 -1.31253372213784
1.967462065884517 -2.5102040816326525 -1.4190044030701
1.967462065884517 -2.3061224489795915 -1.52547508400237
1.967462065884517 -2.1020408163265305 -1.63194576493464
1.967462065884517 -1.8979591836734695 -1.7384164458669
1.967462065884517 -1.6938775510204085 -1.84488712679917
1.967462065884517 -1.4897959183673466 -1.95135780773143
1.967462065884517 -1.2857142857142856 -2.0578284886637
1.967462065884517 -1.0816326530612246 -2.16429916959597
1.967462065884517 -0.8775510204081627 -2.27076985052823
2.0309285841388562 -3.1224489795918364 -1.17849376726077
2.0309285841388562 -2.9183673469387754 -1.2792358278069
2.0309285841388562 -2.7142857142857144 -1.37997788835304
2.0309285841388562 -2.5102040816326525 -1.48071994889918
2.0309285841388562 -2.3061224489795915 -1.58146200944531
2.0309285841388562 -2.1020408163265305 -1.68220406999145
2.0309285841388562 -1.8979591836734695 -1.78294613053759
2.0309285841388562 -1.6938775510204085 -1.88368819108372
2.0309285841388562 -1.4897959183673466 -1.98443025162986
2.0309285841388562 -1.2857142857142856 -2.085172312176
2.0309285841388562 -1.0816326530612246 -2.18591437272213
2.0309285841388562 -0.8775510204081627 -2.28665643326827
2.0943951023931957 -3.1224489795918364 -1.24533011535073
2.0943951023931957 -2.9183673469387754 -1.34105706697968
2.0943951023931957 -2.7142857142857144 -1.43678401860864
2.0943951023931957 -2.5102040816326525 -1.53251097023759
2.0943951023931957 -2.3061224489795915 -1.62823792186654
2.0943951023931957 -2.1020408163265305 -1.72396487349549
2.0943951023931957 -1.8979591836734695 -1.81969182512444
2.0943951023931957 -1.6938775510204085 -1.91541877675339
2.0943951023931957 -1.4897959183673466 -2.01114572838234
2.0943951023931957 -1.2857142857142856 -2.10687268001129
2.0943951023931957 -1.0816326530612246 -2.20259963164024
2.0943951023931957 -0.8775510204081627 -2.29832658326919
2.1578616206475347 -3.1224489795918364 -1.30455770413043
2.1578616206475347 -2.9183673469387754 -1.39572305093636
2.1578616206475347 -2.7142857142857144 -1.48688839774229
2.1578616206475347 -2.5102040816326525 -1.57805374454821
2.1578616206475347 -2.3061224489795915 -1.66921909135414
2.1578616206475347 -2.1020408163265305 -1.76038443816007
2.1578616206475347 -1.8979591836734695 -1.85154978496599
2.1578616206475347 -1.6938775510204085 -1.94271513177192
2.1578616206475347 -1.4897959183673466 -2.03388047857784
2.1578616206475347 -1.2857142857142856 -2.12504582538377
2.1578616206475347 -1.0816326530612246 -2.2162111721897
2.1578616206475347 -0.8775510204081627 -2.30737651899562
2.221328138901874 -3.1224489795918364 -1.36139973570344
2.221328138901874 -2.9183673469387754 -1.44814607153916
2.221328138901874 -2.7142857142857144 -1.53489240737488
2.221328138901874 -2.5102040816326525 -1.6216387432106
2.221328138901874 -2.3061224489795915 -1.70838507904632
2.221328138901874 -2.1020408163265305 -1.79513141488204
2.221328138901874 -1.8979591836734695 -1.88187775071776
2.221328138901874 -1.6938775510204085 -1.96862408655348
2.221328138901874 -1.4897959183673466 -2.05537042238921
2.221328138901874 -1.2857142857142856 -2.14211675822493
2.221328138901874 -1.0816326530612246 -2.22886309406065
2.221328138901874 -0.8775510204081627 -2.31560942989637
2.284794657156213 -3.1224489795918364 -1.4213477843367
2.284794657156213 -2.9183673469387754 -1.50348618114453
2.284794657156213 -2.7142857142857144 -1.58562457795237
2.284794657156213 -2.5102040816326525 -1.6677629747602
2.284794657156213 -2.3061224489795915 -1.74990137156804
2.284794657156213 -2.1020408163265305 -1.83203976837588
2.284794657156213 -1.8979591836734695 -1.91417816518371
2.284794657156213 -1.6938775510204085 -1.99631656199155
2.284794657156213 -1.4897959183673466 -2.07845495879939
2.284794657156213 -1.2857142857142856 -2.16059335560722
2.284794657156213 -1.0816326530612246 -2.24273175241506
2.284794657156213 -0.8775510204081627 -2.3248701492229
2.3482611754105527 -3.1224489795918364 -1.48963442353743
2.3482611754105527 -2.9183673469387754 -1.56665630776281
2.3482611754105527 -2.7142857142857144 -1.6436781919882
2.3482611754105527 -2.5102040816326525 -1.72070007621358
2.3482611754105527 -2.3061224489795915 -1.79772196043896
2.3482611754105527 -2.1020408163265305 -1.87474384466434
2.3482611754105527 -1.8979591836734695 -1.95176572888972
2.3482611754105527 -1.6938775510204085 -2.0287876131151
2.3482611754105527 -1.4897959183673466 -2.10580949734048
2.3482611754105527 -1.2857142857142856 -2.18283138156586
2.3482611754105527 -1.0816326530612246 -2.25985326579125
2.3482611754105527 -0.8775510204081627 -2.33687515001663
2.4117276936648917 -3.1224489795918364 -1.57072688193819
2.4117276936648917 -2.9183673469387754 -1.64184752890624
2.4117276936648917 -2.7142857142857144 -1.71296817587429
2.4117276936648917 -2.5102040816326525 -1.78408882284234
2.4117276936648917 -2.3061224489795915 -1.85520946981039
2.4117276936648917 -2.1020408163265305 -1.92633011677844
2.4117276936648917 -1.8979591836734695 -1.99745076374648
2.4117276936648917 -1.6938775510204085 -2.06857141071453
2.4117276936648917 -1.4897959183673466 -2.13969205768258
2.4117276936648917 -1.2857142857142856 -2.21081270465063
2.4117276936648917 -1.0816326530612246 -2.28193335161868
2.4117276936648917 -0.8775510204081627 -2.35305399858673
2.475194211919231 -3.1224489795918364 -1.66788993572102
2.475194211919231 -2.9183673469387754 -1.73211970100279
2.475194211919231 -2.7142857142857144 -1.79634946628457
2.475194211919231 -2.5102040816326525 -1.86057923156634
2.475194211919231 -2.3061224489795915 -1.92480899684811
2.475194211919231 -2.1020408163265305 -1.98903876212988
2.475194211919231 -1.8979591836734695 -2.05326852741166
2.475194211919231 -1.6938775510204085 -2.11749829269343
2.475194211919231 -1.4897959183673466 -2.1817280579752
2.475194211919231 -1.2857142857142856 -2.24595782325698
2.475194211919231 -1.0816326530612246 -2.31018758853875
2.475194211919231 -0.8775510204081627 -2.37441735382052
2.53866073017357 -3.1224489795918364 -1.78285986957507
2.53866073017357 -2.9183673469387754 -1.83909661567503
2.53866073017357 -2.7142857142857144 -1.895333361775
2.53866073017357 -2.5102040816326525 -1.95157010787496
2.53866073017357 -2.3061224489795915 -2.00780685397493
2.53866073017357 -2.1020408163265305 -2.06404360007489
2.53866073017357 -1.8979591836734695 -2.12028034617486
2.53866073017357 -1.6938775510204085 -2.17651709227482
2.53866073017357 -1.4897959183673466 -2.23275383837479
2.53866073017357 -1.2857142857142856 -2.28899058447475
2.53866073017357 -1.0816326530612246 -2.34522733057472
2.53866073017357 -0.8775510204081627 -2.40146407667468
2.6021272484279097 -3.1224489795918364 -1.91566085522655
2.6021272484279097 -2.9183673469387754 -1.96279498276701
2.6021272484279097 -2.7142857142857144 -2.00992911030747
2.6021272484279097 -2.5102040816326525 -2.05706323784794
2.6021272484279097 -2.3061224489795915 -2.1041973653884
2.6021272484279097 -2.1020408163265305 -2.15133149292886
2.6021272484279097 -1.8979591836734695 -2.19846562046933
2.6021272484279097 -1.6938775510204085 -2.24559974800979
2.6021272484279097 -1.4897959183673466 -2.29273387555025
2.6021272484279097 -1.2857142857142856 -2.33986800309072
2.6021272484279097 -1.0816326530612246 -2.38700213063118
2.6021272484279097 -0.8775510204081627 -2.43413625817164
2.6655937666822487 -3.1224489795918364 -2.06458151880394
2.6655937666822487 -2.9183673469387754 -2.10160377656826
2.6655937666822487 -2.7142857142857144 -2.13862603433258
2.6655937666822487 -2.5102040816326525 -2.1756482920969
2.6655937666822487 -2.3061224489795915 -2.21267054986122
2.6655937666822487 -2.1020408163265305 -2.24969280762554
2.6655937666822487 -1.8979591836734695 -2.28671506538986
2.6655937666822487 -1.6938775510204085 -2.32373732315418
2.6655937666822487 -1.4897959183673466 -2.36075958091851
2.6655937666822487 -1.2857142857142856 -2.39778183868283
2.6655937666822487 -1.0816326530612246 -2.43480409644715
2.6655937666822487 -0.8775510204081627 -2.47182635421147
2.729060284936588 -3.1224489795918364 -2.22631411646825
2.729060284936588 -2.9183673469387754 -2.25241606816912
2.729060284936588 -2.7142857142857144 -2.27851801986999
2.729060284936588 -2.5102040816326525 -2.30461997157086
2.729060284936588 -2.3061224489795915 -2.33072192327172
2.729060284936588 -2.1020408163265305 -2.35682387497259
2.729060284936588 -1.8979591836734695 -2.38292582667346
2.729060284936588 -1.6938775510204085 -2.40902777837433
2.729060284936588 -1.4897959183673466 -2.4351297300752
2.729060284936588 -1.2857142857142856 -2.46123168177607
2.729060284936588 -1.0816326530612246 -2.48733363347694
2.729060284936588 -0.8775510204081627 -2.51343558517781
2.792526803190927 -3.1224489795918364 -2.39624311100955
2.792526803190927 -2.9183673469387754 -2.41090081110328
2.792526803190927 -2.7142857142857144 -2.42555851119702
2.792526803190927 -2.5102040816326525 -2.44021621129076
2.792526803190927 -2.3061224489795915 -2.45487391138449
2.792526803190927 -2.1020408163265305 -2.46953161147823
2.792526803190927 -1.8979591836734695 -2.48418931157197
2.792526803190927 -1.6938775510204085 -2.4988470116657
2.792526803190927 -1.4897959183673466 -2.51350471175944
2.792526803190927 -1.2857142857142856 -2.52816241185318
2.792526803190927 -1.0816326530612246 -2.54282011194691
2.792526803190927 -0.8775510204081627 -2.55747781204065
2.8559933214452666 -3.1224489795918364 -2.56885557014726
2.8559933214452666 -2.9183673469387754 -2.57188858418125
2.8559933214452666 -2.7142857142857144 -2.57492159821525
2.8559933214452666 -2.5102040816326525 -2.57795461224924
2.8559933214452666 -2.3061224489795915 -2.58098762628323
2.8559933214452666 -2.1020408163265305 -2.58402064031722
2.8559933214452666 -1.8979591836734695 -2.58705365435122
2.8559933214452666 -1.6938775510204085 -2.59008666838521
2.8559933214452666 -1.4897959183673466 -2.5931196824192
2.8559933214452666 -1.2857142857142856 -2.5961526964532
2.8559933214452666 -1.0816326530612246 -2.59918571048719
2.8559933214452666 -0.8775510204081627 -2.60221872452118
2.9194598396996057 -3.1224489795918364 -2.73823409906146
2.9194598396996057 -2.9183673469387754 -2.72983434464809
2.9194598396996057 -2.7142857142857144 -2.72143459023471
2.9194598396996057 -2.5102040816326525 -2.71303483582133
2.9194598396996057 -2.3061224489795915 -2.70463508140796
2.9194598396996057 -2.1020408163265305 -2.69623532699458
2.9194598396996057 -1.8979591836734695 -2.6878355725812
2.9194598396996057 -1.6938775510204085 -2.67943581816783
2.9194598396996057 -1.4897959183673466 -2.67103606375445
2.9194598396996057 -1.2857142857142856 -2.66263630934107
2.9194598396996057 -1.0816326530612246 -2.6542365549277
2.9194598396996057 -0.8775510204081627 -2.64583680051432
2.982926357953945 -3.1224489795918364 -2.89858512411929
2.982926357953945 -2.9183673469387754 -2.87931288101599
2.982926357953945 -2.7142857142857144 -2.86004063791268
2.982926357953945 -2.5102040816326525 -2.84076839480938
2.982926357953945 -2.3061224489795915 -2.82149615170608
2.982926357953945 -2.1020408163265305 -2.80222390860278
2.982926357953945 -1.8979591836734695 -2.78295166549947
2.982926357953945 -1.6938775510204085 -2.76367942239617
2.982926357953945 -1.4897959183673466 -2.74440717929287
2.982926357953945 -1.2857142857142856 -2.72513493618957
2.982926357953945 -1.0816326530612246 -2.70586269308626
2.982926357953945 -0.8775510204081627 -2.68659044998296
3.0463928762082846 -3.1224489795918364 -3.04475203681597
3.0463928762082846 -2.9183673469387754 -3.01549960072815
3.0463928762082846 -2.7142857142857144 -2.98624716464033
3.0463928762082846 -2.5102040816326525 -2.9569947285525
3.0463928762082846 -2.3061224489795915 -2.92774229246468
3.0463928762082846 -2.1020408163265305 -2.89848985637686
3.0463928762082846 -1.8979591836734695 -2.86923742028904
3.0463928762082846 -1.6938775510204085 -2.83998498420121
3.0463928762082846 -1.4897959183673466 -2.81073254811339
3.0463928762082846 -1.2857142857142856 -2.78148011202557
3.0463928762082846 -1.0816326530612246 -2.75222767593775
3.0463928762082846 -0.8775510204081627 -2.72297523984992
3.1098593944626236 -3.1224489795918364 -3.17266431077386
3.1098593944626236 -2.9183673469387754 -3.13459084221184
3.1098593944626236 -2.7142857142857144 -3.09651737364983
3.1098593944626236 -2.5102040816326525 -3.05844390508782
3.1098593944626236 -2.3061224489795915 -3.0203704365258
3.1098593944626236 -2.1020408163265305 -2.98229696796379
3.1098593944626236 -1.8979591836734695 -2.94422349940178
3.1098593944626236 -1.6938775510204085 -2.90615003083976
3.1098593944626236 -1.4897959183673466 -2.86807656227775
3.1098593944626236 -1.2857142857142856 -2.83000309371574
3.1098593944626236 -1.0816326530612246 -2.79192962515372
3.1098593944626236 -0.8775510204081627 -2.75385615659171
3.173325912716963 -3.1224489795918364 -3.27968006124619
3.173325912716963 -2.9183673469387754 -3.23412390949214
3.173325912716963 -2.7142857142857144 -3.18856775773809
3.173325912716963 -2.5102040816326525 -3.14301160598403
3.173325912716963 -2.3061224489795915 -3.09745545422998
3.173325912716963 -2.1020408163265305 -3.05189930247593
3.173325912716963 -1.8979591836734695 -3.00634315072188
3.173325912716963 -1.6938775510204085 -2.96078699896782
3.173325912716963 -1.4897959183673466 -2.91523084721377
3.173325912716963 -1.2857142857142856 -2.86967469545972
3.173325912716963 -1.0816326530612246 -2.82411854370566
3.173325912716963 -0.8775510204081627 -2.77856239195161
3.236792430971302 -3.1224489795918364 -3.36478999933925
3.236792430971302 -2.9183673469387754 -3.31316689768278
3.236792430971302 -2.7142857142857144 -3.2615437960263
3.236792430971302 -2.5102040816326525 -3.20992069436983
3.236792430971302 -2.3061224489795915 -3.15829759271335
3.236792430971302 -2.1020408163265305 -3.10667449105688
3.236792430971302 -1.8979591836734695 -3.05505138940041
3.236792430971302 -1.6938775510204085 -3.00342828774393
3.236792430971302 -1.4897959183673466 -2.95180518608746
3.236792430971302 -1.2857142857142856 -2.90018208443098
3.236792430971302 -1.0816326530612246 -2.84855898277451
3.236792430971302 -0.8775510204081627 -2.79693588111804
3.3002589492256416 -3.1224489795918364 -3.42866430966766
3.3002589492256416 -2.9183673469387754 -3.37236113686679
3.3002589492256416 -2.7142857142857144 -3.31605796406591
3.3002589492256416 -2.5102040816326525 -3.25975479126504
3.3002589492256416 -2.3061224489795915 -3.20345161846416
3.3002589492256416 -2.1020408163265305 -3.14714844566329
3.3002589492256416 -1.8979591836734695 -3.09084527286241
3.3002589492256416 -1.6938775510204085 -3.03454210006154
3.3002589492256416 -1.4897959183673466 -2.97823892726067
3.3002589492256416 -1.2857142857142856 -2.92193575445979
3.3002589492256416 -1.0816326530612246 -2.86563258165892
3.3002589492256416 -0.8775510204081627 -2.80932940885804
3.3637254674799806 -3.1224489795918364 -3.47353931416557
3.3637254674799806 -2.9183673469387754 -3.41381347396461
3.3637254674799806 -2.7142857142857144 -3.35408763376365
3.3637254674799806 -2.5102040816326525 -3.2943617935627
3.3637254674799806 -2.3061224489795915 -3.23463595336174
3.3637254674799806 -2.1020408163265305 -3.17491011316079
3.3637254674799806 -1.8979591836734695 -3.11518427295983
3.3637254674799806 -1.6938775510204085 -3.05545843275887
3.3637254674799806 -1.4897959183673466 -2.99573259255792
3.3637254674799806 -1.2857142857142856 -2.93600675235696
3.3637254674799806 -1.0816326530612246 -2.876280912156
3.3637254674799806 -0.8775510204081627 -2.81655507195505
3.42719198573432 -3.1224489795918364 -3.50295636835444
3.42719198573432 -2.9183673469387754 -3.44085022152304
3.42719198573432 -2.7142857142857144 -3.37874407469163
3.42719198573432 -2.5102040816326525 -3.31663792786023
3.42719198573432 -2.3061224489795915 -3.25453178102882
3.42719198573432 -2.1020408163265305 -3.19242563419741
3.42719198573432 -1.8979591836734695 -3.13031948736601
3.42719198573432 -1.6938775510204085 -3.0682133405346
3.42719198573432 -1.4897959183673466 -3.0061071937032
3.42719198573432 -1.2857142857142856 -2.94400104687179
3.42719198573432 -1.0816326530612246 -2.88189490004038
3.42719198573432 -0.8775510204081627 -2.81978875320898
3.490658503988659 -3.1224489795918364 -3.5213797389484
3.490658503988659 -2.9183673469387754 -3.45765799380445
3.490658503988659 -2.7142857142857144 -3.39393624866051
3.490658503988659 -2.5102040816326525 -3.33021450351656
3.490658503988659 -2.3061224489795915 -3.26649275837261
3.490658503988659 -2.1020408163265305 -3.20277101322867
3.490658503988659 -1.8979591836734695 -3.13904926808472
3.490658503988659 -1.6938775510204085 -3.07532752294077
3.490658503988659 -1.4897959183673466 -3.01160577779682
3.490658503988659 -1.2857142857142856 -2.94788403265288
3.490658503988659 -1.0816326530612246 -2.88416228750893
3.490658503988659 -0.8775510204081627 -2.82044054236498
3.5541250222429985 -3.1224489795918364 -3.53373183132206
3.5541250222429985 -2.9183673469387754 -3.46884751132424
3.5541250222429985 -2.7142857142857144 -3.40396319132643
3.5541250222429985 -2.5102040816326525 -3.33907887132862
3.5541250222429985 -2.3061224489795915 -3.27419455133081
3.5541250222429985 -2.1020408163265305 -3.209310231333
3.5541250222429985 -1.8979591836734695 -3.14442591133518
3.5541250222429985 -1.6938775510204085 -3.07954159133737
3.5541250222429985 -1.4897959183673466 -3.01465727133956
3.5541250222429985 -1.2857142857142856 -2.94977295134175
3.5541250222429985 -1.0816326530612246 -2.88488863134394
3.5541250222429985 -0.8775510204081627 -2.82000431134612
3.6175915404973376 -3.1224489795918364 -3.54489193721804
3.6175915404973376 -2.9183673469387754 -3.4789837242967
3.6175915404973376 -2.7142857142857144 -3.41307551137536
3.6175915404973376 -2.5102040816326525 -3.34716729845402
3.6175915404973376 -2.3061224489795915 -3.28125908553267
3.6175915404973376 -2.1020408163265305 -3.21535087261133
3.6175915404973376 -1.8979591836734695 -3.14944265968999
3.6175915404973376 -1.6938775510204085 -3.08353444676865
3.6175915404973376 -1.4897959183673466 -3.01762623384731
3.6175915404973376 -1.2857142857142856 -2.95171802092597
3.6175915404973376 -1.0816326530612246 -2.88580980800463
3.6175915404973376 -0.8775510204081627 -2.81990159508328
3.681058058751677 -3.1224489795918364 -3.55920790125473
3.681058058751677 -2.9183673469387754 -3.49212857913915
3.681058058751677 -2.7142857142857144 -3.42504925702357
3.681058058751677 -2.5102040816326525 -3.35796993490799
3.681058058751677 -2.3061224489795915 -3.29089061279241
3.681058058751677 -2.1020408163265305 -3.22381129067683
3.681058058751677 -1.8979591836734695 -3.15673196856125
3.681058058751677 -1.6938775510204085 -3.08965264644567
3.681058058751677 -1.4897959183673466 -3.02257332433009
3.681058058751677 -1.2857142857142856 -2.95549400221451
3.681058058751677 -1.0816326530612246 -2.88841468009893
3.681058058751677 -0.8775510204081627 -2.82133535798335
3.744524577006016 -3.1224489795918364 -3.58006845667739
3.744524577006016 -2.9183673469387754 -3.51144115187212
3.744524577006016 -2.7142857142857144 -3.44281384706684
3.744524577006016 -2.5102040816326525 -3.37418654226157
3.744524577006016 -2.3061224489795915 -3.30555923745629
3.744524577006016 -2.1020408163265305 -3.23693193265102
3.744524577006016 -1.8979591836734695 -3.16830462784574
3.744524577006016 -1.6938775510204085 -3.09967732304047
3.744524577006016 -1.4897959183673466 -3.03105001823519
3.744524577006016 -1.2857142857142856 -2.96242271342992
3.744524577006016 -1.0816326530612246 -2.89379540862464
3.744524577006016 -0.8775510204081627 -2.82516810381937
3.8079910952603555 -3.1224489795918364 -3.60957763625949
3.8079910952603555 -2.9183673469387754 -3.53887387225502
3.8079910952603555 -2.7142857142857144 -3.46817010825055
3.8079910952603555 -2.5102040816326525 -3.39746634424608
3.8079910952603555 -2.3061224489795915 -3.32676258024161
3.8079910952603555 -2.1020408163265305 -3.25605881623714
3.8079910952603555 -1.8979591836734695 -3.18535505223267
3.8079910952603555 -1.6938775510204085 -3.1146512882282
3.8079910952603555 -1.4897959183673466 -3.04394752422373
3.8079910952603555 -1.2857142857142856 -2.97324376021926
3.8079910952603555 -1.0816326530612246 -2.90253999621479
3.8079910952603555 -0.8775510204081627 -2.83183623221032
3.8714576135146945 -3.1224489795918364 -3.64836226711484
3.8714576135146945 -2.9183673469387754 -3.57499377181815
3.8714576135146945 -2.7142857142857144 -3.50162527652146
3.8714576135146945 -2.5102040816326525 -3.42825678122477
3.8714576135146945 -2.3061224489795915 -3.35488828592808
3.8714576135146945 -2.1020408163265305 -3.28151979063139
3.8714576135146945 -1.8979591836734695 -3.2081512953347
3.8714576135146945 -1.6938775510204085 -3.13478280003801
3.8714576135146945 -1.4897959183673466 -3.06141430474132
3.8714576135146945 -1.2857142857142856 -2.98804580944463
3.8714576135146945 -1.0816326530612246 -2.91467731414793
3.8714576135146945 -0.8775510204081627 -2.84130881885124
3.934924131769034 -3.1224489795918364 -3.69553015158854
3.934924131769034 -2.9183673469387754 -3.61894509019134
3.934924131769034 -2.7142857142857144 -3.54236002879414
3.934924131769034 -2.5102040816326525 -3.46577496739693
3.934924131769034 -2.3061224489795915 -3.38918990599973
3.934924131769034 -2.1020408163265305 -3.31260484460252
3.934924131769034 -1.8979591836734695 -3.23601978320532
3.934924131769034 -1.6938775510204085 -3.15943472180812
3.934924131769034 -1.4897959183673466 -3.08284966041091
3.934924131769034 -1.2857142857142856 -3.00626459901371
3.934924131769034 -1.0816326530612246 -2.9296795376165
3.934924131769034 -0.8775510204081627 -2.8530944762193
3.998390650023373 -3.1224489795918364 -3.748781458773
3.998390650023373 -2.9183673469387754 -3.66855542540446
3.998390650023373 -2.7142857142857144 -3.58832939203592
3.998390650023373 -2.5102040816326525 -3.50810335866738
3.998390650023373 -2.3061224489795915 -3.42787732529884
3.998390650023373 -2.1020408163265305 -3.3476512919303
3.998390650023373 -1.8979591836734695 -3.26742525856176
3.998390650023373 -1.6938775510204085 -3.18719922519322
3.998390650023373 -1.4897959183673466 -3.10697319182468
3.998390650023373 -1.2857142857142856 -3.02674715845614
3.998390650023373 -1.0816326530612246 -2.9465211250876
3.998390650023373 -0.8775510204081627 -2.86629509171906
4.0618571682777125 -3.1224489795918364 -3.80466060296128
4.0618571682777125 -2.9183673469387754 -3.72057332349126
4.0618571682777125 -2.7142857142857144 -3.63648604402124
4.0618571682777125 -2.5102040816326525 -3.55239876455122
4.0618571682777125 -2.3061224489795915 -3.46831148508119
4.0618571682777125 -2.1020408163265305 -3.38422420561117
4.0618571682777125 -1.8979591836734695 -3.30013692614115
4.0618571682777125 -1.6938775510204085 -3.21604964667113
4.0618571682777125 -1.4897959183673466 -3.13196236720111
4.0618571682777125 -1.2857142857142856 -3.04787508773109
4.0618571682777125 -1.0816326530612246 -2.96378780826106
4.0618571682777125 -0.8775510204081627 -2.87970052879104
4.1253236865320515 -3.1224489795918364 -3.85892197977096
4.1253236865320515 -2.9183673469387754 -3.77101218932083
4.1253236865320515 -2.7142857142857144 -3.6831023988707
4.1253236865320515 -2.5102040816326525 -3.59519260842057
4.1253236865320515 -2.3061224489795915 -3.50728281797043
4.1253236865320515 -2.1020408163265305 -3.4193730275203
4.1253236865320515 -1.8979591836734695 -3.33146323707017
4.1253236865320515 -1.6938775510204085 -3.24355344662004
4.1253236865320515 -1.4897959183673466 -3.15564365616991
4.1253236865320515 -1.2857142857142856 -3.06773386571978
4.1253236865320515 -1.0816326530612246 -2.97982407526965
4.1253236865320515 -0.8775510204081627 -2.89191428481952
4.188790204786391 -3.1224489795918364 -3.9069717436734
4.188790204786391 -2.9183673469387754 -3.81556495205469
4.188790204786391 -2.7142857142857144 -3.72415816043597
4.188790204786391 -2.5102040816326525 -3.63275136881725
4.188790204786391 -2.3061224489795915 -3.54134457719853
4.188790204786391 -2.1020408163265305 -3.44993778557981
4.188790204786391 -1.8979591836734695 -3.35853099396109
4.188790204786391 -1.6938775510204085 -3.26712420234238
4.188790204786391 -1.4897959183673466 -3.17571741072366
4.188790204786391 -1.2857142857142856 -3.08431061910494
4.188790204786391 -1.0816326530612246 -2.99290382748622
4.188790204786391 -0.8775510204081627 -2.9014970358675
4.25225672304073 -3.1224489795918364 -3.94434044449834
4.25225672304073 -2.9183673469387754 -3.85004706467858
4.25225672304073 -2.7142857142857144 -3.75575368485882
4.25225672304073 -2.5102040816326525 -3.66146030503907
4.25225672304073 -2.3061224489795915 -3.56716692521931
4.25225672304073 -2.1020408163265305 -3.47287354539955
4.25225672304073 -1.8979591836734695 -3.37858016557979
4.25225672304073 -1.6938775510204085 -3.28428678576003
4.25225672304073 -1.4897959183673466 -3.18999340594027
4.25225672304073 -1.2857142857142856 -3.09570002612051
4.25225672304073 -1.0816326530612246 -3.00140664630075
4.25225672304073 -0.8775510204081627 -2.907113266481
4.3157232412950695 -3.1224489795918364 -3.96713851481691
4.3157232412950695 -2.9183673469387754 -3.87082282737533
4.3157232412950695 -2.7142857142857144 -3.77450713993376
4.3157232412950695 -2.5102040816326525 -3.67819145249218
4.3157232412950695 -2.3061224489795915 -3.5818757650506
4.3157232412950695 -2.1020408163265305 -3.48556007760903
4.3157232412950695 -1.8979591836734695 -3.38924439016745
4.3157232412950695 -1.6938775510204085 -3.29292870272588
4.3157232412950695 -1.4897959183673466 -3.1966130152843
4.3157232412950695 -1.2857142857142856 -3.10029732784272
4.3157232412950695 -1.0816326530612246 -3.00398164040115
4.3157232412950695 -0.8775510204081627 -2.90766595295957
4.3791897595494085 -3.1224489795918364 -3.972448581295
4.3791897595494085 -2.9183673469387754 -3.87517194294993
4.3791897595494085 -2.7142857142857144 -3.77789530460486
4.3791897595494085 -2.5102040816326525 -3.68061866625979
4.3791897595494085 -2.3061224489795915 -3.58334202791472
4.3791897595494085 -2.1020408163265305 -3.48606538956965
4.3791897595494085 -1.8979591836734695 -3.38878875122458
4.3791897595494085 -1.6938775510204085 -3.29151211287951
4.3791897595494085 -1.4897959183673466 -3.19423547453444
4.3791897595494085 -1.2857142857142856 -3.09695883618937
4.3791897595494085 -1.0816326530612246 -2.9996821978443
4.3791897595494085 -0.8775510204081627 -2.90240555949923
4.442656277803748 -3.1224489795918364 -3.95861514866546
4.442656277803748 -2.9183673469387754 -3.86155943376178
4.442656277803748 -2.7142857142857144 -3.7645037188581
4.442656277803748 -2.5102040816326525 -3.66744800395442
4.442656277803748 -2.3061224489795915 -3.57039228905074
4.442656277803748 -2.1020408163265305 -3.47333657414706
4.442656277803748 -1.8979591836734695 -3.37628085924339
4.442656277803748 -1.6938775510204085 -3.2792251443397
4.442656277803748 -1.4897959183673466 -3.18216942943602
4.442656277803748 -1.2857142857142856 -3.08511371453235
4.442656277803748 -1.0816326530612246 -2.98805799962867
4.442656277803748 -0.8775510204081627 -2.89100228472499
4.506122796058087 -3.1224489795918364 -3.92540270568843
4.506122796058087 -2.9183673469387754 -3.82978194049348
4.506122796058087 -2.7142857142857144 -3.73416117529854
4.506122796058087 -2.5102040816326525 -3.6385404101036
4.506122796058087 -2.3061224489795915 -3.54291964490866
4.506122796058087 -2.1020408163265305 -3.44729887971372
4.506122796058087 -1.8979591836734695 -3.35167811451878
4.506122796058087 -1.6938775510204085 -3.25605734932384
4.506122796058087 -1.4897959183673466 -3.1604365841289
4.506122796058087 -1.2857142857142856 -3.06481581893396
4.506122796058087 -1.0816326530612246 -2.96919505373902
4.506122796058087 -0.8775510204081627 -2.87357428854408
4.569589314312426 -3.1224489795918364 -3.87400666994835
4.569589314312426 -2.9183673469387754 -3.78097598646481
4.569589314312426 -2.7142857142857144 -3.68794530298127
4.569589314312426 -2.5102040816326525 -3.59491461949773
4.569589314312426 -2.3061224489795915 -3.50188393601419
4.569589314312426 -2.1020408163265305 -3.40885325253065
4.569589314312426 -1.8979591836734695 -3.31582256904711
4.569589314312426 -1.6938775510204085 -3.22279188556357
4.569589314312426 -1.4897959183673466 -3.12976120208003
4.569589314312426 -1.2857142857142856 -3.03673051859649
4.569589314312426 -1.0816326530612246 -2.94369983511295
4.569589314312426 -0.8775510204081627 -2.85066915162941
4.6330558325667655 -3.1224489795918364 -3.80691648110014
4.6330558325667655 -2.9183673469387754 -3.71748776599677
4.6330558325667655 -2.7142857142857144 -3.62805905089341
4.6330558325667655 -2.5102040816326525 -3.53863033579004
4.6330558325667655 -2.3061224489795915 -3.44920162068667
4.6330558325667655 -2.1020408163265305 -3.35977290558331
4.6330558325667655 -1.8979591836734695 -3.27034419047994
4.6330558325667655 -1.6938775510204085 -3.18091547537657
4.6330558325667655 -1.4897959183673466 -3.09148676027321
4.6330558325667655 -1.2857142857142856 -3.00205804516984
4.6330558325667655 -1.0816326530612246 -2.91262933006647
4.6330558325667655 -0.8775510204081627 -2.82320061496311
4.696522350821105 -3.1224489795918364 -3.72764507979637
4.696522350821105 -2.9183673469387754 -3.64261800259103
4.696522350821105 -2.7142857142857144 -3.5575909253857
4.696522350821105 -2.5102040816326525 -3.47256384818036
4.696522350821105 -2.3061224489795915 -3.38753677097502
4.696522350821105 -2.1020408163265305 -3.30250969376968
4.696522350821105 -1.8979591836734695 -3.21748261656434
4.696522350821105 -1.6938775510204085 -3.132455539359
4.696522350821105 -1.4897959183673466 -3.04742846215366
4.696522350821105 -1.2857142857142856 -2.96240138494832
4.696522350821105 -1.0816326530612246 -2.87737430774298
4.696522350821105 -0.8775510204081627 -2.79234723053764
4.759988869075444 -3.1224489795918364 -3.64035248133855
4.759988869075444 -2.9183673469387754 -3.56026802521119
4.759988869075444 -2.7142857142857144 -3.48018356908382
4.759988869075444 -2.5102040816326525 -3.40009911295645
4.759988869075444 -2.3061224489795915 -3.32001465682908
4.759988869075444 -2.1020408163265305 -3.23993020070172
4.759988869075444 -1.8979591836734695 -3.15984574457435
4.759988869075444 -1.6938775510204085 -3.07976128844698
4.759988869075444 -1.4897959183673466 -2.99967683231961
4.759988869075444 -1.2857142857142856 -2.91959237619224
4.759988869075444 -1.0816326530612246 -2.83950792006488
4.759988869075444 -0.8775510204081627 -2.75942346393751
4.823455387329783 -3.1224489795918364 -3.54940182667009
4.823455387329783 -2.9183673469387754 -3.47452317247386
4.823455387329783 -2.7142857142857144 -3.39964451827762
4.823455387329783 -2.5102040816326525 -3.32476586408139
4.823455387329783 -2.3061224489795915 -3.24988720988515
4.823455387329783 -2.1020408163265305 -3.17500855568892
4.823455387329783 -1.8979591836734695 -3.10012990149268
4.823455387329783 -1.6938775510204085 -3.02525124729645
4.823455387329783 -1.4897959183673466 -2.95037259310021
4.823455387329783 -1.2857142857142856 -2.87549393890398
4.823455387329783 -1.0816326530612246 -2.80061528470775
4.823455387329783 -0.8775510204081627 -2.72573663051151
4.886921905584122 -3.1224489795918364 -3.45889310793442
4.886921905584122 -2.9183673469387754 -3.38921596468007
4.886921905584122 -2.7142857142857144 -3.31953882142573
4.886921905584122 -2.5102040816326525 -3.24986167817138
4.886921905584122 -2.3061224489795915 -3.18018453491703
4.886921905584122 -2.1020408163265305 -3.11050739166268
4.886921905584122 -1.8979591836734695 -3.04083024840834
4.886921905584122 -1.6938775510204085 -2.97115310515399
4.886921905584122 -1.4897959183673466 -2.90147596189964
4.886921905584122 -1.2857142857142856 -2.8317988186453
4.886921905584122 -1.0816326530612246 -2.76212167539095
4.886921905584122 -0.8775510204081627 -2.6924445321366
4.950388423838462 -3.1224489795918364 -3.37222204757042
4.950388423838462 -2.9183673469387754 -3.30751355601065
4.950388423838462 -2.7142857142857144 -3.24280506445088
4.950388423838462 -2.5102040816326525 -3.17809657289111
4.950388423838462 -2.3061224489795915 -3.11338808133134
4.950388423838462 -2.1020408163265305 -3.04867958977156
4.950388423838462 -1.8979591836734695 -2.98397109821179
4.950388423838462 -1.6938775510204085 -2.91926260665202
4.950388423838462 -1.4897959183673466 -2.85455411509225
4.950388423838462 -1.2857142857142856 -2.78984562353247
4.950388423838462 -1.0816326530612246 -2.7251371319727
4.950388423838462 -0.8775510204081627 -2.66042864041293
5.013854942092801 -3.1224489795918364 -3.29170913819121
5.013854942092801 -2.9183673469387754 -3.23157159337017
5.013854942092801 -2.7142857142857144 -3.17143404854913
5.013854942092801 -2.5102040816326525 -3.11129650372809
5.013854942092801 -2.3061224489795915 -3.05115895890705
5.013854942092801 -2.1020408163265305 -2.99102141408601
5.013854942092801 -1.8979591836734695 -2.93088386926497
5.013854942092801 -1.6938775510204085 -2.87074632444393
5.013854942092801 -1.4897959183673466 -2.81060877962289
5.013854942092801 -1.2857142857142856 -2.75047123480185
5.013854942092801 -1.0816326530612246 -2.69033368998081
5.013854942092801 -0.8775510204081627 -2.63019614515977
5.07732146034714 -3.1224489795918364 -3.21833687906792
5.07732146034714 -2.9183673469387754 -3.1622900088142
5.07732146034714 -2.7142857142857144 -3.10624313856048
5.07732146034714 -2.5102040816326525 -3.05019626830676
5.07732146034714 -2.3061224489795915 -2.99414939805304
5.07732146034714 -2.1020408163265305 -2.93810252779931
5.07732146034714 -1.8979591836734695 -2.88205565754559
5.07732146034714 -1.6938775510204085 -2.82600878729187
5.07732146034714 -1.4897959183673466 -2.76996191703815
5.07732146034714 -1.2857142857142856 -2.71391504678443
5.07732146034714 -1.0816326530612246 -2.65786817653071
5.07732146034714 -0.8775510204081627 -2.60182130627699
5.14078797860148 -3.1224489795918364 -3.15162247589085
5.14078797860148 -2.9183673469387754 -3.09919612358036
5.14078797860148 -2.7142857142857144 -3.04676977126987
5.14078797860148 -2.5102040816326525 -2.99434341895938
5.14078797860148 -2.3061224489795915 -2.94191706664889
5.14078797860148 -2.1020408163265305 -2.88949071433841
5.14078797860148 -1.8979591836734695 -2.83706436202792
5.14078797860148 -1.6938775510204085 -2.78463800971743
5.14078797860148 -1.4897959183673466 -2.73221165740694
5.14078797860148 -1.2857142857142856 -2.67978530509645
5.14078797860148 -1.0816326530612246 -2.62735895278596
5.14078797860148 -0.8775510204081627 -2.57493260047547
5.204254496855819 -3.1224489795918364 -3.08963978293032
5.204254496855819 -2.9183673469387754 -3.04046776060852
5.204254496855819 -2.7142857142857144 -2.99129573828672
5.204254496855819 -2.5102040816326525 -2.94212371596492
5.204254496855819 -2.3061224489795915 -2.89295169364312
5.204254496855819 -2.1020408163265305 -2.84377967132132
5.204254496855819 -1.8979591836734695 -2.79460764899952
5.204254496855819 -1.6938775510204085 -2.74543562667772
5.204254496855819 -1.4897959183673466 -2.69626360435592
5.204254496855819 -1.2857142857142856 -2.64709158203412
5.204254496855819 -1.0816326530612246 -2.59791955971232
5.204254496855819 -0.8775510204081627 -2.54874753739052
5.267721015110158 -3.1224489795918364 -3.02918940909839
5.267721015110158 -2.9183673469387754 -2.98309511692207
5.267721015110158 -2.7142857142857144 -2.93700082474574
5.267721015110158 -2.5102040816326525 -2.89090653256942
5.267721015110158 -2.3061224489795915 -2.8448122403931
5.267721015110158 -2.1020408163265305 -2.79871794821677
5.267721015110158 -1.8979591836734695 -2.75262365604045
5.267721015110158 -1.6938775510204085 -2.70652936386413
5.267721015110158 -1.4897959183673466 -2.6604350716878
5.267721015110158 -1.2857142857142856 -2.61434077951148
5.267721015110158 -1.0816326530612246 -2.56824648733516
5.267721015110158 -0.8775510204081627 -2.52215219515883
5.331187533364497 -3.1224489795918364 -2.96610116407011
5.331187533364497 -2.9183673469387754 -2.92316632896644
5.331187533364497 -2.7142857142857144 -2.88023149386276
5.331187533364497 -2.5102040816326525 -2.83729665875909
5.331187533364497 -2.3061224489795915 -2.79436182365541
5.331187533364497 -2.1020408163265305 -2.75142698855174
5.331187533364497 -1.8979591836734695 -2.70849215344806
5.331187533364497 -1.6938775510204085 -2.66555731834439
5.331187533364497 -1.4897959183673466 -2.62262248324071
5.331187533364497 -1.2857142857142856 -2.57968764813704
5.331187533364497 -1.0816326530612246 -2.53675281303336
5.331187533364497 -0.8775510204081627 -2.49381797792969
5.394654051618837 -3.1224489795918364 -2.89563985581775
5.394654051618837 -2.9183673469387754 -2.85624934929272
5.394654051618837 -2.7142857142857144 -2.81685884276769
5.394654051618837 -2.5102040816326525 -2.77746833624266
5.394654051618837 -2.3061224489795915 -2.73807782971763
5.394654051618837 -2.1020408163265305 -2.6986873231926
5.394654051618837 -1.8979591836734695 -2.65929681666757
5.394654051618837 -1.6938775510204085 -2.61990631014254
5.394654051618837 -1.4897959183673466 -2.58051580361751
5.394654051618837 -1.2857142857142856 -2.54112529709248
5.394654051618837 -1.0816326530612246 -2.50173479056746
5.394654051618837 -0.8775510204081627 -2.46234428404243
5.458120569873176 -3.1224489795918364 -2.81297517438347
5.458120569873176 -2.9183673469387754 -2.77783316560067
5.458120569873176 -2.7142857142857144 -2.74269115681787
5.458120569873176 -2.5102040816326525 -2.70754914803507
5.458120569873176 -2.3061224489795915 -2.67240713925227
5.458120569873176 -2.1020408163265305 -2.63726513046947
5.458120569873176 -1.8979591836734695 -2.60212312168667
5.458120569873176 -1.6938775510204085 -2.56698111290387
5.458120569873176 -1.4897959183673466 -2.53183910412107
5.458120569873176 -1.2857142857142856 -2.49669709533827
5.458120569873176 -1.0816326530612246 -2.46155508655547
5.458120569873176 -0.8775510204081627 -2.42641307777267
5.521587088127515 -3.1224489795918364 -2.7136700255431
5.521587088127515 -2.9183673469387754 -2.68378548250907
5.521587088127515 -2.7142857142857144 -2.65390093947503
5.521587088127515 -2.5102040816326525 -2.624016396441
5.521587088127515 -2.3061224489795915 -2.59413185340696
5.521587088127515 -2.1020408163265305 -2.56424731037293
5.521587088127515 -1.8979591836734695 -2.53436276733889
5.521587088127515 -1.6938775510204085 -2.50447822430486
5.521587088127515 -1.4897959183673466 -2.47459368127082
5.521587088127515 -1.2857142857142856 -2.44470913823679
5.521587088127515 -1.0816326530612246 -2.41482459520275
5.521587088127515 -0.8775510204081627 -2.38494005216872
5.585053606381854 -3.1224489795918364 -2.59413983773944
5.585053606381854 -2.9183673469387754 -2.57078233333307
5.585053606381854 -2.7142857142857144 -2.5474248289267
5.585053606381854 -2.5102040816326525 -2.52406732452033
5.585053606381854 -2.3061224489795915 -2.50070982011396
5.585053606381854 -2.1020408163265305 -2.4773523157076
5.585053606381854 -1.8979591836734695 -2.45399481130123
5.585053606381854 -1.6938775510204085 -2.43063730689486
5.585053606381854 -1.4897959183673466 -2.40727980248849
5.585053606381854 -1.2857142857142856 -2.38392229808212
5.585053606381854 -1.0816326530612246 -2.36056479367576
5.585053606381854 -0.8775510204081627 -2.33720728926939
5.648520124636194 -3.1224489795918364 -2.45203822870396
5.648520124636194 -2.9183673469387754 -2.43666784866947
5.648520124636194 -2.7142857142857144 -2.42129746863499
5.648520124636194 -2.5102040816326525 -2.40592708860051
5.648520124636194 -2.3061224489795915 -2.39055670856602
5.648520124636194 -2.1020408163265305 -2.37518632853154
5.648520124636194 -1.8979591836734695 -2.35981594849706
5.648520124636194 -1.6938775510204085 -2.34444556846257
5.648520124636194 -1.4897959183673466 -2.32907518842809
5.648520124636194 -1.2857142857142856 -2.31370480839361
5.648520124636194 -1.0816326530612246 -2.29833442835912
5.648520124636194 -0.8775510204081627 -2.28296404832464
5.711986642890533 -3.1224489795918364 -2.28653168762336
5.711986642890533 -2.9183673469387754 -2.28070929542359
5.711986642890533 -2.7142857142857144 -2.27488690322383
5.711986642890533 -2.5102040816326525 -2.26906451102407
5.711986642890533 -2.3061224489795915 -2.26324211882431
5.711986642890533 -2.1020408163265305 -2.25741972662454
5.711986642890533 -1.8979591836734695 -2.25159733442478
5.711986642890533 -1.6938775510204085 -2.24577494222502
5.711986642890533 -1.4897959183673466 -2.23995255002526
5.711986642890533 -1.2857142857142856 -2.23413015782549
5.711986642890533 -1.0816326530612246 -2.22830776562573
5.711986642890533 -0.8775510204081627 -2.22248537342597
