44 20
0.8389679973402968 3.836734693877551 6.486034467430906
0.8389679973402968 3.9591836734693877 6.510806972147828
0.8389679973402968 4.081632653061225 6.533052499812288
0.8389679973402968 4.204081632653061 6.549684793352416
0.8389679973402968 4.326530612244898 6.561349093971513
0.8389679973402968 4.448979591836735 6.568658311903395
0.8389679973402968 4.571428571428571 6.572187530486028
0.8389679973402968 4.6938775510204085 6.572477915298681
0.8389679973402968 4.816326530612245 6.570040224834798
0.8389679973402968 4.938775510204081 6.565357907645948
0.8389679973402968 5.061224489795919 6.558889981663217
0.8389679973402968 5.183673469387755 6.551074047214808
0.8389679973402968 5.3061224489795915 6.542329950998594
0.8389679973402968 5.428571428571429 6.533064859554414
0.8389679973402968 5.551020408163265 6.52368088653053
0.8389679973402968 5.673469387755102 6.514587033701697
0.8389679973402968 5.795918367346939 6.506218172758583
0.8389679973402968 5.918367346938775 6.499065252145812
0.8389679973402968 6.040816326530612 6.493722807118123
0.8389679973402968 6.163265306122449 6.4908857431311935
0.9454626635636798 3.836734693877551 7.184437886010241
0.9454626635636798 3.9591836734693877 7.181590977379651
0.9454626635636798 4.081632653061225 7.170365540898232
0.9454626635636798 4.204081632653061 7.152485305324191
0.9454626635636798 4.326530612244898 7.129984210352644
0.9454626635636798 4.448979591836735 7.104292513235057
0.9454626635636798 4.571428571428571 7.0764440335212635
0.9454626635636798 4.6938775510204085 7.0472078180073
0.9454626635636798 4.816326530612245 7.017171875655817
0.9454626635636798 4.938775510204081 6.986797495864458
0.9454626635636798 5.061224489795919 6.956455438050663
0.9454626635636798 5.183673469387755 6.926451164221144
0.9454626635636798 5.3061224489795915 6.897044066971047
0.9454626635636798 5.428571428571429 6.868464637344007
0.9454626635636798 5.551020408163265 6.840933386964965
0.9454626635636798 5.673469387755102 6.814685947714091
0.9454626635636798 5.795918367346939 6.790010127140595
0.9454626635636798 5.918367346938775 6.76730286590365
0.9454626635636798 6.040816326530612 6.7471611962893565
0.9454626635636798 6.163265306122449 6.731781644326067
1.0519573297870626 3.836734693877551 6.803362935054314
1.0519573297870626 3.9591836734693877 6.824744317226162
1.0519573297870626 4.081632653061225 6.8431913370893716
1.0519573297870626 4.204081632653061 6.856245444385786
1.0519573297870626 4.326530612244898 6.86469777607712
1.0519573297870626 4.448979591836735 6.86922311315669
1.0519573297870626 4.571428571428571 6.870407024249634
1.0519573297870626 4.6938775510204085 6.868769775036315
1.0519573297870626 4.816326530612245 6.864782655941158
1.0519573297870626 4.938775510204081 6.858879583507659
1.0519573297870626 5.061224489795919 6.851466003293835
1.0519573297870626 5.183673469387755 6.842926657172182
1.0519573297870626 5.3061224489795915 6.833633615910292
1.0519573297870626 5.428571428571429 6.823956065582408
1.0519573297870626 5.551020408163265 6.814273684526574
1.0519573297870626 5.673469387755102 6.804996077005006
1.0519573297870626 5.795918367346939 6.796591678631958
1.0519573297870626 5.918367346938775 6.7896308245588415
1.0519573297870626 6.040816326530612 6.7848484539464815
1.0519573297870626 6.163265306122449 6.782945503158167
1.1584519960104454 3.836734693877551 7.094626140961076
1.1584519960104454 3.9591836734693877 7.111442889350299
1.1584519960104454 4.081632653061225 7.123689117987255
1.1584519960104454 4.204081632653061 7.1297253355656816
1.1584519960104454 4.326530612244898 7.13070254062783
1.1584519960104454 4.448979591836735 7.127551446727483
1.1584519960104454 4.571428571428571 7.1210383106629696
1.1584519960104454 4.6938775510204085 7.111807474219337
1.1584519960104454 4.816326530612245 7.100410610312672
1.1584519960104454 4.938775510204081 7.087327630220008
1.1584519960104454 5.061224489795919 7.0729825892591744
1.1584519960104454 5.183673469387755 7.057757068553471
1.1584519960104454 5.3061224489795915 7.042003202843571
1.1584519960104454 5.428571428571429 7.0260586393706275
1.1584519960104454 5.551020408163265 7.010266222426427
1.1584519960104454 5.673469387755102 6.995002105249163
1.1584519960104454 5.795918367346939 6.980717305469942
1.1584519960104454 5.918367346938775 6.967999380256847
1.1584519960104454 6.040816326530612 6.95766312061966
1.1584519960104454 6.163265306122449 6.951068566036209
1.2649466622338281 3.836734693877551 6.94397045348398
1.2649466622338281 3.9591836734693877 6.9671301684458795
1.2649466622338281 4.081632653061225 6.988359805911575
1.2649466622338281 4.204081632653061 7.004856245457756
1.2649466622338281 4.326530612244898 7.017205633510921
1.2649466622338281 4.448979591836735 7.025931919185334
1.2649466622338281 4.571428571428571 7.031506185489427
1.2649466622338281 4.6938775510204085 7.03435970640335
1.2649466622338281 4.816326530612245 7.0348937026163885
1.2649466622338281 4.938775510204081 7.033487166554484
1.2649466622338281 5.061224489795919 7.030503954820617
1.2649466622338281 5.183673469387755 7.0263002959135035
1.2649466622338281 5.3061224489795915 7.021233956527778
1.2649466622338281 5.428571428571429 7.01567655281971
1.2649466622338281 5.551020408163265 7.010030902389039
1.2649466622338281 5.673469387755102 7.004755878931795
1.2649466622338281 5.795918367346939 7.000401903425702
1.2649466622338281 5.918367346938775 6.997660834840943
1.2649466622338281 6.040816326530612 6.99743198583339
1.2649466622338281 6.163265306122449 7.000001794211654
1.371441328457211 3.836734693877551 7.079607389497435
1.371441328457211 3.9591836734693877 7.101438530447803
1.371441328457211 4.081632653061225 7.1209736545557
1.371441328457211 4.204081632653061 7.135633021455036
1.371441328457211 4.326530612244898 7.146078026422113
1.371441328457211 4.448979591836735 7.1528828219894205
1.371441328457211 4.571428571428571 7.156551493844739
1.371441328457211 4.6938775510204085 7.157535699463159
1.371441328457211 4.816326530612245 7.156247340775073
1.371441328457211 4.938775510204081 7.15306838801654
1.371441328457211 5.061224489795919 7.148359513141557
1.371441328457211 5.183673469387755 7.142469018657682
1.371441328457211 5.3061224489795915 7.1357436195119215
1.371441328457211 5.428571428571429 7.1285429248953465
1.371441328457211 5.551020408163265 7.12125996775444
1.371441328457211 5.673469387755102 7.114350813743346
1.371441328457211 5.795918367346939 7.108377058864493
1.371441328457211 5.918367346938775 7.104065669728361
1.371441328457211 6.040816326530612 7.102388566738369
1.371441328457211 6.163265306122449 7.1038418819717135
1.4779359946805937 3.836734693877551 7.020423534009953
1.4779359946805937 3.9591836734693877 7.043485920130314
1.4779359946805937 4.081632653061225 7.065415524617247
1.4779359946805937 4.204081632653061 7.083368077198207
1.4779359946805937 4.326530612244898 7.097775507075324
1.4779359946805937 4.448979591836735 7.109034033602293
1.4779359946805937 4.571428571428571 7.117507981707015
1.4779359946805937 4.6938775510204085 7.1235390367402704
1.4779359946805937 4.816326530612245 7.127453698620956
1.4779359946805937 4.938775510204081 7.129569952174561
1.4779359946805937 5.061224489795919 7.130204164409876
1.4779359946805937 5.183673469387755 7.129679285850233
1.4779359946805937 5.3061224489795915 7.1283355876902155
1.4779359946805937 5.428571428571429 7.12654541054895
1.4779359946805937 5.551020408163265 7.1247337161071
1.4779359946805937 5.673469387755102 7.1234065484504585
1.4779359946805937 5.795918367346939 7.123189681189599
1.4779359946805937 5.918367346938775 7.124879451007138
1.4779359946805937 6.040816326530612 7.129502633267116
1.4779359946805937 6.163265306122449 7.136836101068454
1.5844306609039764 3.836734693877551 7.051838183174617
1.5844306609039764 3.9591836734693877 7.07473452046709
1.5844306609039764 4.081632653061225 7.096653375774073
1.5844306609039764 4.204081632653061 7.114771052048688
1.5844306609039764 4.326530612244898 7.129494465845152
1.5844306609039764 4.448979591836735 7.141196264986377
1.5844306609039764 4.571428571428571 7.150219022531738
1.5844306609039764 4.6938775510204085 7.156884642484661
1.5844306609039764 4.816326530612245 7.1615019679104535
1.5844306609039764 4.938775510204081 7.164373676975899
1.5844306609039764 5.061224489795919 7.1658035276273795
1.5844306609039764 5.183673469387755 7.166105070830181
1.5844306609039764 5.3061224489795915 7.165613108113596
1.5844306609039764 5.428571428571429 7.164699403405124
1.5844306609039764 5.551020408163265 7.1637944427460996
1.5844306609039764 5.673469387755102 7.163417274045102
1.5844306609039764 5.795918367346939 7.164215473268116
1.5844306609039764 5.918367346938775 7.167016723388243
1.5844306609039764 6.040816326530612 7.172887435383121
1.5844306609039764 6.163265306122449 7.181473771356987
1.6909253271273594 3.836734693877551 7.013427156926657
1.6909253271273594 3.9591836734693877 7.036319934488856
1.6909253271273594 4.081632653061225 7.058748693931467
1.6909253271273594 4.204081632653061 7.077855391903349
1.6909253271273594 4.326530612244898 7.093951886229325
1.6909253271273594 4.448979591836735 7.107335169638816
1.6909253271273594 4.571428571428571 7.118286641060609
1.6909253271273594 4.6938775510204085 7.1270785479522125
1.6909253271273594 4.816326530612245 7.133980007559895
1.6909253271273594 4.938775510204081 7.1392632289084
1.6909253271273594 5.061224489795919 7.143210716311544
1.6909253271273594 5.183673469387755 7.146124378984549
1.6909253271273594 5.3061224489795915 7.148337631462846
1.6909253271273594 5.428571428571429 7.150231732799151
1.6909253271273594 5.551020408163265 7.152257727737254
1.6909253271273594 5.673469387755102 7.154965301809442
1.6909253271273594 5.795918367346939 7.159039425329891
1.6909253271273594 5.918367346938775 7.1653444616412045
1.6909253271273594 6.040816326530612 7.174967458651996
1.6909253271273594 6.163265306122449 7.187095686028906
1.7974199933507422 3.836734693877551 6.972596832903947
1.7974199933507422 3.9591836734693877 6.995500358949038
1.7974199933507422 4.081632653061225 7.018267620158425
1.7974199933507422 4.204081632653061 7.038025244059542
1.7974199933507422 4.326530612244898 7.055031107759399
1.7974199933507422 4.448979591836735 7.069538225612075
1.7974199933507422 4.571428571428571 7.081791598733577
1.7974199933507422 4.6938775510204085 7.092033327577189
1.7974199933507422 4.816326530612245 7.10050805354139
1.7974199933507422 4.938775510204081 7.107469076894858
1.7974199933507422 5.061224489795919 7.113185757776678
1.7974199933507422 5.183673469387755 7.117952989124653
1.7974199933507422 5.3061224489795915 7.122103671466809
1.7974199933507422 5.428571428571429 7.1260252104114095
1.7974199933507422 5.551020408163265 7.13018103719429
1.7974199933507422 5.673469387755102 7.135137885912251
1.7974199933507422 5.795918367346939 7.14159881675377
1.7974199933507422 5.918367346938775 7.150440380853144
1.7974199933507422 6.040816326530612 7.162743200287457
1.7974199933507422 6.163265306122449 7.177354159775806
1.903914659574125 3.836734693877551 6.91981216632546
1.903914659574125 3.9591836734693877 6.942631848761823
1.903914659574125 4.081632653061225 6.965573632475172
1.903914659574125 4.204081632653061 6.985756600508686
1.903914659574125 4.326530612244898 7.00339164227684
1.903914659574125 4.448979591836735 7.018695930552814
1.903914659574125 4.571428571428571 7.031886504365749
1.903914659574125 4.6938775510204085 7.043183508495738
1.903914659574125 4.816326530612245 7.052814676603742
1.903914659574125 4.938775510204081 7.0610210437376
1.903914659574125 5.061224489795919 7.068064264257338
1.903914659574125 5.183673469387755 7.074236146688577
1.903914659574125 5.3061224489795915 7.079871151353035
1.903914659574125 5.428571428571429 7.085362631217688
1.903914659574125 5.551020408163265 7.091183466292549
1.903914659574125 5.673469387755102 7.09791130620717
1.903914659574125 5.795918367346939 7.106257666501027
1.903914659574125 5.918367346938775 7.117098272034088
1.903914659574125 6.040816326530612 7.131492152597066
1.903914659574125 6.163265306122449 7.148008686559695
2.0104093257975078 3.836734693877551 6.826490437364698
2.0104093257975078 3.9591836734693877 6.8490566593378155
2.0104093257975078 4.081632653061225 6.872095028743516
2.0104093257975078 4.204081632653061 6.892738840854887
2.0104093257975078 4.326530612244898 6.911140163691778
2.0104093257975078 4.448979591836735 6.92747085844072
2.0104093257975078 4.571428571428571 6.941912034747428
2.0104093257975078 4.6938775510204085 6.954655057513886
2.0104093257975078 4.816326530612245 6.965905025160345
2.0104093257975078 4.938775510204081 6.975886178271287
2.0104093257975078 5.061224489795919 6.984849276668516
2.0104093257975078 5.183673469387755 6.993081282444945
2.0104093257975078 5.3061224489795915 7.000917801694401
2.0104093257975078 5.428571428571429 7.008758675832302
2.0104093257975078 5.551020408163265 7.017086810250003
2.0104093257975078 5.673469387755102 7.026489646199257
2.0104093257975078 5.795918367346939 7.037681405854311
2.0104093257975078 5.918367346938775 7.051522079275852
2.0104093257975078 6.040816326530612 7.069018288375159
2.0104093257975078 6.163265306122449 7.088316813792717
2.1169039920208905 3.836734693877551 6.744282501232782
2.1169039920208905 3.9591836734693877 6.766886869338556
2.1169039920208905 4.081632653061225 6.79014263081612
2.1169039920208905 4.204081632653061 6.811156341560146
2.1169039920208905 4.326530612244898 6.8300436932996975
2.1169039920208905 4.448979591836735 6.846951906553215
2.1169039920208905 4.571428571428571 6.862045008906348
2.1169039920208905 4.6938775510204085 6.875502462599106
2.1169039920208905 4.816326530612245 6.887521288825589
2.1169039920208905 4.938775510204081 6.898320646174459
2.1169039920208905 5.061224489795919 6.908148579490139
2.1169039920208905 5.183673469387755 6.917291037905969
2.1169039920208905 5.3061224489795915 6.926083397267405
2.1169039920208905 5.428571428571429 6.934924645162446
2.1169039920208905 5.551020408163265 6.94429404940676
2.1169039920208905 5.673469387755102 6.9547694187685565
2.1169039920208905 5.795918367346939 6.967044797687475
2.1169039920208905 5.918367346938775 6.981943379150945
2.1169039920208905 6.040816326530612 7.00041074395968
2.1169039920208905 6.163265306122449 7.020447500883079
2.2233986582442737 3.836734693877551 6.610818424506633
2.2233986582442737 3.9591836734693877 6.632737574024844
2.2233986582442737 4.081632653061225 6.65563636301386
2.2233986582442737 4.204081632653061 6.6766815492949565
2.2233986582442737 4.326530612244898 6.69592652665642
2.2233986582442737 4.448979591836735 6.7134741748914095
2.2233986582442737 4.571428571428571 6.729455607285674
2.2233986582442737 4.6938775510204085 6.744025115181151
2.2233986582442737 4.816326530612245 6.757360439390224
2.2233986582442737 4.938775510204081 6.769666494947696
2.2233986582442737 5.061224489795919 6.781181735088527
2.2233986582442737 5.183673469387755 6.792186853562751
2.2233986582442737 5.3061224489795915 6.803015679587151
2.2233986582442737 5.428571428571429 6.814067976180584
2.2233986582442737 5.551020408163265 6.82582338294748
2.2233986582442737 5.673469387755102 6.838854850096439
2.2233986582442737 5.795918367346939 6.853838448714839
2.2233986582442737 5.918367346938775 6.871554253547743
2.2233986582442737 6.040816326530612 6.8928617680347894
2.2233986582442737 6.163265306122449 6.915357499134189
2.3298933244676565 3.836734693877551 6.495614295675551
2.3298933244676565 3.9591836734693877 6.517562229870542
2.3298933244676565 4.081632653061225 6.540672475763468
2.3298933244676565 4.204081632653061 6.562069590999233
2.3298933244676565 4.326530612244898 6.581759977045982
2.3298933244676565 4.448979591836735 6.599817420693651
2.3298933244676565 4.571428571428571 6.616354780162248
2.3298933244676565 4.6938775510204085 6.631514816770962
2.3298933244676565 4.816326530612245 6.645468002116659
2.3298933244676565 4.938775510204081 6.658414596309829
2.3298933244676565 5.061224489795919 6.670589665528867
2.3298933244676565 5.183673469387755 6.682270385850757
2.3298933244676565 5.3061224489795915 6.6937852219134095
2.3298933244676565 5.428571428571429 6.705524474078349
2.3298933244676565 5.551020408163265 6.717951266890551
2.3298933244676565 5.673469387755102 6.731611248197193
2.3298933244676565 5.795918367346939 6.747137990355036
2.3298933244676565 5.918367346938775 6.765249239749807
2.3298933244676565 6.040816326530612 6.786718677813091
2.3298933244676565 6.163265306122449 6.809100517875639
2.4363879906910393 3.836734693877551 6.330758393970402
2.4363879906910393 3.9591836734693877 6.351492873604869
2.4363879906910393 4.081632653061225 6.37371229147904
2.4363879906910393 4.204081632653061 6.3946458233923735
2.4363879906910393 4.326530612244898 6.41422153040496
2.4363879906910393 4.448979591836735 6.43246215177937
2.4363879906910393 4.571428571428571 6.449445895176673
2.4363879906910393 4.6938775510204085 6.465290813738186
2.4363879906910393 4.816326530612245 6.480149040750441
2.4363879906910393 4.938775510204081 6.49420688967267
2.4363879906910393 5.061224489795919 6.507688676956581
2.4363879906910393 5.183673469387755 6.5208630562988255
2.4363879906910393 5.3061224489795915 6.53405100098795
2.4363879906910393 5.428571428571429 6.5476344895299405
2.4363879906910393 5.551020408163265 6.562064484208857
2.4363879906910393 5.673469387755102 6.577865917221059
2.4363879906910393 5.795918367346939 6.595636065043168
2.4363879906910393 5.918367346938775 6.616030871084213
2.4363879906910393 6.040816326530612 6.63972307932112
2.4363879906910393 6.163265306122449 6.663941458559715
2.542882656914422 3.836734693877551 6.185560879427024
2.542882656914422 3.9591836734693877 6.206054531133774
2.542882656914422 4.081632653061225 6.228276748376776
2.542882656914422 4.204081632653061 6.24941478250053
2.542882656914422 4.326530612244898 6.269317583178653
2.542882656914422 4.448979591836735 6.287959945739633
2.542882656914422 4.571428571428571 6.305390726225852
2.542882656914422 4.6938775510204085 6.321709641678436
2.542882656914422 4.816326530612245 6.337056899268668
2.542882656914422 4.938775510204081 6.351610280436239
2.542882656914422 5.061224489795919 6.365586682424673
2.542882656914422 5.183673469387755 6.379246364804338
2.542882656914422 5.3061224489795915 6.392898689393001
2.542882656914422 5.428571428571429 6.406908195311445
2.542882656914422 5.551020408163265 6.421699513859854
2.542882656914422 5.673469387755102 6.437758927814287
2.542882656914422 5.795918367346939 6.455629318288361
2.542882656914422 5.918367346938775 6.475893846659937
2.542882656914422 6.040816326530612 6.4991340124639585
2.542882656914422 6.163265306122449 6.522622151325256
2.649377323137805 3.836734693877551 5.997146104590072
2.649377323137805 3.9591836734693877 6.015719887209673
2.649377323137805 4.081632653061225 6.036399465487641
2.649377323137805 4.204081632653061 6.056520049341856
2.649377323137805 4.326530612244898 6.075810020619146
2.649377323137805 4.448979591836735 6.094169421364898
2.649377323137805 4.571428571428571 6.1115996801797365
2.649377323137805 4.6938775510204085 6.128168954173623
2.649377323137805 4.816326530612245 6.143995022756965
2.649377323137805 4.938775510204081 6.159238380142423
2.649377323137805 5.061224489795919 6.174101280695341
2.649377323137805 5.183673469387755 6.188830169863008
2.649377323137805 5.3061224489795915 6.203719719700791
2.649377323137805 5.428571428571429 6.219116869579613
2.649377323137805 5.551020408163265 6.235422998568705
2.649377323137805 5.673469387755102 6.253091693550552
2.649377323137805 5.795918367346939 6.272618567363414
2.649377323137805 5.918367346938775 6.294518292688469
2.649377323137805 6.040816326530612 6.31927429658358
2.649377323137805 6.163265306122449 6.343932442635909
2.7558719893611876 3.836734693877551 5.828975947099176
2.7558719893611876 3.9591836734693877 5.84665874174434
2.7558719893611876 4.081632653061225 5.866825960228456
2.7558719893611876 4.204081632653061 5.886791407415966
2.7558719893611876 4.326530612244898 5.9061394825200875
2.7558719893611876 4.448979591836735 5.9246819973431055
2.7558719893611876 4.571428571428571 5.94236609327091
2.7558719893611876 4.6938775510204085 5.959225858067415
2.7558719893611876 4.816326530612245 5.975356722907559
2.7558719893611876 4.938775510204081 5.990903111969159
2.7558719893611876 5.061224489795919 6.00605371843917
2.7558719893611876 5.183673469387755 6.021040977508753
2.7558719893611876 5.3061224489795915 6.036142433951198
2.7558719893611876 5.428571428571429 6.051682127836666
2.7558719893611876 5.551020408163265 6.068030057452388
2.7558719893611876 5.673469387755102 6.085597341820813
2.7558719893611876 5.795918367346939 6.104823986595283
2.7558719893611876 5.918367346938775 6.126155262643245
2.7558719893611876 6.040816326530612 6.149993992532243
2.7558719893611876 6.163265306122449 6.173498087359726
2.8623666555845704 3.836734693877551 5.625578939349882
2.8623666555845704 3.9591836734693877 5.640243225634816
2.8623666555845704 4.081632653061225 5.657931263737384
2.8623666555845704 4.204081632653061 5.676161811387444
2.8623666555845704 4.326530612244898 5.694312183057638
2.8623666555845704 4.448979591836735 5.712065771840403
2.8623666555845704 4.571428571428571 5.729289672922908
2.8623666555845704 4.6938775510204085 5.745966566712244
2.8623666555845704 4.816326530612245 5.762156930789526
2.8623666555845704 4.938775510204081 5.777979187148593
2.8623666555845704 5.061224489795919 5.793600281684646
2.8623666555845704 5.183673469387755 5.8092320393095305
2.8623666555845704 5.3061224489795915 5.825130183548538
2.8623666555845704 5.428571428571429 5.841593604705661
2.8623666555845704 5.551020408163265 5.858961573182098
2.8623666555845704 5.673469387755102 5.87760629014386
2.8623666555845704 5.795918367346939 5.897917569450243
2.8623666555845704 5.918367346938775 5.920275683097536
2.8623666555845704 6.040816326530612 5.944999769456944
2.8623666555845704 6.163265306122449 5.969112408501479
2.968861321807953 3.836734693877551 5.444377181362096
2.968861321807953 3.9591836734693877 5.4569035979495
2.968861321807953 4.081632653061225 5.4730841458411446
2.968861321807953 4.204081632653061 5.490471897095132
2.968861321807953 4.326530612244898 5.5081836116893585
2.968861321807953 4.448979591836735 5.525738424435931
2.968861321807953 4.571428571428571 5.542900435150987
2.968861321807953 4.6938775510204085 5.559587231304717
2.968861321807953 4.816326530612245 5.57581708218943
2.968861321807953 4.938775510204081 5.591679374944378
2.968861321807953 5.061224489795919 5.6073187451799775
2.968861321807953 5.183673469387755 5.62292690674828
2.968861321807953 5.3061224489795915 5.6387382360512905
2.968861321807953 5.428571428571429 5.655026232754328
2.968861321807953 5.551020408163265 5.672098386861494
2.968861321807953 5.673469387755102 5.690286946809337
2.968861321807953 5.795918367346939 5.709932768017291
2.968861321807953 5.918367346938775 5.731358984080461
2.968861321807953 6.040816326530612 5.754823533638971
2.968861321807953 6.163265306122449 5.777511272548983
3.0753559880313364 3.836734693877551 5.23633333999589
3.0753559880313364 3.9591836734693877 5.244001415228619
3.0753559880313364 4.081632653061225 5.256184561006512
3.0753559880313364 4.204081632653061 5.2707466699974495
3.0753559880313364 4.326530612244898 5.286446076738517
3.0753559880313364 4.448979591836735 5.302572346551437
3.0753559880313364 4.571428571428571 5.318743527171055
3.0753559880313364 4.6938775510204085 5.334783211406274
3.0753559880313364 4.816326530612245 5.3506471752903755
3.0753559880313364 4.938775510204081 5.366380562194503
3.0753559880313364 5.061224489795919 5.382093539297162
3.0753559880313364 5.183673469387755 5.397947681014982
3.0753559880313364 5.3061224489795915 5.414147947736861
3.0753559880313364 5.428571428571429 5.430936597330809
3.0753559880313364 5.551020408163265 5.44858606662315
3.0753559880313364 5.673469387755102 5.4673880430006205
3.0753559880313364 5.795918367346939 5.487635804300478
3.0753559880313364 5.918367346938775 5.509596611655199
3.0753559880313364 6.040816326530612 5.5334633614697735
3.0753559880313364 6.163265306122449 5.556355469451083
3.181850654254719 3.836734693877551 5.054706176186016
3.181850654254719 3.9591836734693877 5.058055436235444
3.181850654254719 4.081632653061225 5.066959208957863
3.181850654254719 4.204081632653061 5.0794479758767
3.181850654254719 4.326530612244898 5.093835576603134
3.181850654254719 4.448979591836735 5.109118958313031
3.181850654254719 4.571428571428571 5.124726235491973
3.181850654254719 4.6938775510204085 5.140358359848733
3.181850654254719 4.816326530612245 5.155891590864174
3.181850654254719 4.938775510204081 5.171318337070253
3.181850654254719 5.061224489795919 5.186711791561464
3.181850654254719 5.183673469387755 5.202204822839529
3.181850654254719 5.3061224489795915 5.217976765091262
3.181850654254719 5.428571428571429 5.234243679651872
3.181850654254719 5.551020408163265 5.251248731131474
3.181850654254719 5.673469387755102 5.269249818253023
3.181850654254719 5.795918367346939 5.288501740798942
3.181850654254719 5.918367346938775 5.3092301626763865
3.181850654254719 6.040816326530612 5.331587889539173
3.181850654254719 6.163265306122449 5.352890233159204
3.288345320478102 3.836734693877551 4.85472132304188
3.288345320478102 3.9591836734693877 4.8502038145550594
3.288345320478102 4.081632653061225 4.852603381089832
3.288345320478102 4.204081632653061 4.86048306178864
3.288345320478102 4.326530612244898 4.871576890927248
3.288345320478102 4.448979591836735 4.884490838545898
3.288345320478102 4.571428571428571 4.89839293638128
3.288345320478102 4.6938775510204085 4.912811386497627
3.288345320478102 4.816326530612245 4.927506457029526
3.288345320478102 4.938775510204081 4.942390266495009
3.288345320478102 5.061224489795919 4.957477222894482
3.288345320478102 5.183673469387755 4.9728535369417495
3.288345320478102 5.3061224489795915 4.988657923952992
3.288345320478102 5.428571428571429 5.005067966322777
3.288345320478102 5.551020408163265 5.022288032920875
3.288345320478102 5.673469387755102 5.0405354311522155
3.288345320478102 5.795918367346939 5.0600218316974175
3.288345320478102 5.918367346938775 5.080927151472524
3.288345320478102 6.040816326530612 5.103356513311401
3.288345320478102 6.163265306122449 5.124606443737405
3.3948399867014847 3.836734693877551 4.687887639924228
3.3948399867014847 3.9591836734693877 4.6756166289045025
3.3948399867014847 4.081632653061225 4.671838358698705
3.3948399867014847 4.204081632653061 4.6755651902106
3.3948399867014847 4.326530612244898 4.683852265396969
3.3948399867014847 4.448979591836735 4.6948323413202875
3.3948399867014847 4.571428571428571 4.707350094256379
3.3948399867014847 4.6938775510204085 4.720716030881779
3.3948399867014847 4.816326530612245 4.734545580871732
3.3948399867014847 4.938775510204081 4.748654904591444
3.3948399867014847 5.061224489795919 4.762994118169837
3.3948399867014847 5.183673469387755 4.777604646741453
3.3948399867014847 5.3061224489795915 4.792591465057382
3.3948399867014847 5.428571428571429 4.808103701444141
3.3948399867014847 5.551020408163265 4.824318850454266
3.3948399867014847 5.673469387755102 4.841426934669623
3.3948399867014847 5.795918367346939 4.859611600735575
3.3948399867014847 5.918367346938775 4.879025527587633
3.3948399867014847 6.040816326530612 4.899751742735434
3.3948399867014847 6.163265306122449 4.91930376488972
3.5013346529248675 3.836734693877551 4.510941782769153
3.5013346529248675 3.9591836734693877 4.486387243478238
3.5013346529248675 4.081632653061225 4.472274152727296
3.5013346529248675 4.204081632653061 4.468573495202562
3.5013346529248675 4.326530612244898 4.471516158046288
3.5013346529248675 4.448979591836735 4.478641895379643
3.5013346529248675 4.571428571428571 4.488375510682665
3.5013346529248675 4.6938775510204085 4.499732896992013
3.5013346529248675 4.816326530612245 4.51212349497849
3.5013346529248675 4.938775510204081 4.52521846511493
3.5013346529248675 5.061224489795919 4.538863619642566
3.5013346529248675 5.183673469387755 4.553022344770154
3.5013346529248675 5.3061224489795915 4.5677379294382785
3.5013346529248675 5.428571428571429 4.583107623470985
3.5013346529248675 5.551020408163265 4.599262749559902
3.5013346529248675 5.673469387755102 4.616350531693788
3.5013346529248675 5.795918367346939 4.634514172677729
3.5013346529248675 5.918367346938775 4.653868290560883
3.5013346529248675 6.040816326530612 4.6744612578997895
3.5013346529248675 6.163265306122449 4.6938152860002855
3.6078293191482502 3.836734693877551 4.375835433230247
3.6078293191482502 3.9591836734693877 4.338956889567617
3.6078293191482502 4.081632653061225 4.3145614697240715
3.6078293191482502 4.204081632653061 4.3035698447868445
3.6078293191482502 4.326530612244898 4.301337023747516
3.6078293191482502 4.448979591836735 4.304748549858527
3.6078293191482502 4.571428571428571 4.311751024533851
3.6078293191482502 4.6938775510204085 4.321017852841225
3.6078293191482502 4.816326530612245 4.331718429041009
3.6078293191482502 4.938775510204081 4.343358981233509
3.6078293191482502 5.061224489795919 4.3556736317291165
3.6078293191482502 5.183673469387755 4.368550371464605
3.6078293191482502 5.3061224489795915 4.38198070375433
3.6078293191482502 5.428571428571429 4.396024584522338
3.6078293191482502 5.551020408163265 4.410784365765073
3.6078293191482502 5.673469387755102 4.426382942316837
3.6078293191482502 5.795918367346939 4.442942362720197
3.6078293191482502 5.918367346938775 4.460559937028
3.6078293191482502 6.040816326530612 4.479274056149272
3.6078293191482502 6.163265306122449 4.4968369338765255
3.714323985371633 3.836734693877551 4.237381332260176
3.714323985371633 3.9591836734693877 4.182875921525966
3.714323985371633 4.081632653061225 4.143191023327633
3.714323985371633 4.204081632653061 4.120870127907388
3.714323985371633 4.326530612244898 4.1102994750973965
3.714323985371633 4.448979591836735 4.107613512301455
3.714323985371633 4.571428571428571 4.11018382200916
3.714323985371633 4.6938775510204085 4.116248718750829
3.714323985371633 4.816326530612245 4.124652389271357
3.714323985371633 4.938775510204081 4.134660052532515
3.714323985371633 5.061224489795919 4.145827514910473
3.714323985371633 5.183673469387755 4.157909844094722
3.714323985371633 5.3061224489795915 4.170797719094051
3.714323985371633 5.428571428571429 4.184472636659561
3.714323985371633 5.551020408163265 4.198974099248297
3.714323985371633 5.673469387755102 4.214373393501292
3.714323985371633 5.795918367346939 4.230749705352234
3.714323985371633 5.918367346938775 4.248165203729106
3.714323985371633 6.040816326530612 4.266631112000513
3.714323985371633 6.163265306122449 4.283922369117008
3.8208186515950158 3.836734693877551 4.149598654365734
3.8208186515950158 3.9591836734693877 4.078192184025299
3.8208186515950158 4.081632653061225 4.023665291979033
3.8208186515950158 4.204081632653061 3.990179665552101
3.8208186515950158 4.326530612244898 3.9712382853069723
3.8208186515950158 4.448979591836735 3.9622598715902755
3.8208186515950158 4.571428571428571 3.9600468292818127
3.8208186515950158 4.6938775510204085 3.962394944210685
3.8208186515950158 4.816326530612245 3.967813704728081
3.8208186515950158 4.938775510204081 3.9753223644953577
3.8208186515950158 5.061224489795919 3.9843008187132787
3.8208186515950158 5.183673469387755 3.994381136568784
3.8208186515950158 5.3061224489795915 4.00536917463108
3.8208186515950158 5.428571428571429 4.017187903493859
3.8208186515950158 5.551020408163265 4.029835675964967
3.8208186515950158 5.673469387755102 4.043353939013231
3.8208186515950158 5.795918367346939 4.057799951425887
3.8208186515950158 5.918367346938775 4.073220972563792
3.8208186515950158 6.040816326530612 4.089622424740379
3.8208186515950158 6.163265306122449 4.1050168098357025
3.9273133178183985 3.836734693877551 4.061241694584572
3.9273133178183985 3.9591836734693877 3.9675819344707093
3.9273133178183985 4.081632653061225 3.892950803915635
3.9273133178183985 4.204081632653061 3.8438915085084293
3.9273133178183985 4.326530612244898 3.8130383209037486
3.9273133178183985 4.448979591836735 3.7950750426469804
3.9273133178183985 4.571428571428571 3.7861835162107353
3.9273133178183985 4.6938775510204085 3.7836410500952
3.9273133178183985 4.816326530612245 3.7855319275450596
3.9273133178183985 4.938775510204081 3.7905336958916838
3.9273133178183985 5.061224489795919 3.797756671218054
3.9273133178183985 5.183673469387755 3.8066233593828462
3.9273133178183985 5.3061224489795915 3.816778363992981
3.9273133178183985 5.428571428571429 3.8280213072547626
3.9273133178183985 5.551020408163265 3.840256488672955
3.9273133178183985 5.673469387755102 3.853453934078633
3.9273133178183985 5.795918367346939 3.867617318392629
3.9273133178183985 5.918367346938775 3.8827550335621464
3.9273133178183985 6.040816326530612 3.8988467712345987
3.9273133178183985 6.163265306122449 3.9139333787206363
4.033807984041781 3.836734693877551 4.029711678752815
4.033807984041781 3.9591836734693877 3.916816572013351
4.033807984041781 4.081632653061225 3.8242063101864905
4.033807984041781 4.204081632653061 3.7606276994908194
4.033807984041781 4.326530612244898 3.718136334512316
4.033807984041781 4.448979591836735 3.69088434035997
4.033807984041781 4.571428571428571 3.6745750318832546
4.033807984041781 4.6938775510204085 3.6660671148672415
4.033807984041781 4.816326530612245 3.6630916777076523
4.033807984041781 4.938775510204081 3.664039232404666
4.033807984041781 5.061224489795919 3.667794993136095
4.033807984041781 5.183673469387755 3.6736104100175564
4.033807984041781 5.3061224489795915 3.681003329320313
4.033807984041781 5.428571428571429 3.689680968086994
4.033807984041781 5.551020408163265 3.6994806756385907
4.033807984041781 5.673469387755102 3.7103239225322424
4.033807984041781 5.795918367346939 3.7221794062268128
4.033807984041781 5.918367346938775 3.735031691203899
4.033807984041781 6.040816326530612 3.7488483538079613
4.033807984041781 6.163265306122449 3.761909474294285
4.140302650265164 3.836734693877551 3.99373306588118
4.140302650265164 3.9591836734693877 3.8571105263048624
4.140302650265164 4.081632653061225 3.741950810241341
4.140302650265164 4.204081632653061 3.659905976808741
4.140302650265164 4.326530612244898 3.6025548041634683
4.140302650265164 4.448979591836735 3.5635780031923705
4.140302650265164 4.571428571428571 3.538211546797227
4.140302650265164 4.6938775510204085 3.5228601084475266
4.140302650265164 4.816326530612245 3.5148290954080785
4.140302650265164 4.938775510204081 3.5121252123716244
4.140302650265164 5.061224489795919 3.5133004549052402
4.140302650265164 5.183673469387755 3.517326889717769
4.140302650265164 5.3061224489795915 3.523495424035607
4.140302650265164 5.428571428571429 3.5313342067955125
4.140302650265164 5.551020408163265 3.5405431376268104
4.140302650265164 5.673469387755102 3.550941170380327
4.140302650265164 5.795918367346939 3.5624231841824443
4.140302650265164 5.918367346938775 3.5749233761335617
4.140302650265164 6.040816326530612 3.588378509483297
4.140302650265164 6.163265306122449 3.601098090418972
4.246797316488547 3.836734693877551 4.015822839457968
4.246797316488547 3.9591836734693877 3.862269545750369
4.246797316488547 4.081632653061225 3.7297227506853416
4.246797316488547 4.204081632653061 3.6322034034963364
4.246797316488547 4.326530612244898 3.5613250996625117
4.246797316488547 4.448979591836735 3.510688283821619
4.246797316488547 4.571428571428571 3.475373761440118
4.246797316488547 4.6938775510204085 3.4515864391210966
4.246797316488547 4.816326530612245 3.436413268029216
4.246797316488547 4.938775510204081 3.42764420264015
4.246797316488547 5.061224489795919 3.4236303574780527
4.246797316488547 5.183673469387755 3.4231669024099283
4.246797316488547 5.3061224489795915 3.425394881914686
4.246797316488547 5.428571428571429 3.429719041084927
4.246797316488547 5.551020408163265 3.4357396676860734
4.246797316488547 5.673469387755102 3.4431964979577145
4.246797316488547 5.795918367346939 3.451922513558548
4.246797316488547 5.918367346938775 3.461805308795942
4.246797316488547 6.040816326530612 3.4727504258403536
4.246797316488547 6.163265306122449 3.483299384057677
4.35329198271193 3.836734693877551 4.0227359487717385
4.35329198271193 3.9591836734693877 3.849020314487594
4.35329198271193 4.081632653061225 3.695910095976771
4.35329198271193 4.204081632653061 3.5803050368208673
4.35329198271193 4.326530612244898 3.4939277966380673
4.35329198271193 4.448979591836735 3.4303495686992553
4.35329198271193 4.571428571428571 3.384510461823808
4.35329198271193 4.6938775510204085 3.352389077870854
4.35329198271193 4.816326530612245 3.330789989746581
4.35329198271193 4.938775510204081 3.317194315592575
4.35329198271193 5.061224489795919 3.3096440449946076
4.35329198271193 5.183673469387755 3.3066452492518144
4.35329198271193 5.3061224489795915 3.3070833945684814
4.35329198271193 5.428571428571429 3.3101481482810136
4.35329198271193 5.551020408163265 3.3152668523028708
4.35329198271193 5.673469387755102 3.3220462698316897
4.35329198271193 5.795918367346939 3.3302220048173963
4.35329198271193 5.918367346938775 3.3396146169237673
4.35329198271193 6.040816326530612 3.350087958689911
4.35329198271193 6.163265306122449 3.360213892636332
4.459786648935313 3.836734693877551 4.08400424790317
4.459786648935313 3.9591836734693877 3.9011018345151554
4.459786648935313 4.081632653061225 3.736056142466875
4.459786648935313 4.204081632653061 3.607711581345414
4.459786648935313 4.326530612244898 3.5086216035500355
4.459786648935313 4.448979591836735 3.4328830507122174
4.459786648935313 4.571428571428571 3.3757552694623056
4.459786648935313 4.6938775510204085 3.3333877197321407
4.459786648935313 4.816326530612245 3.302647211713956
4.459786648935313 4.938775510204081 3.280999089979125
4.459786648935313 5.061224489795919 3.266416573500118
4.459786648935313 5.183673469387755 3.257304474075584
4.459786648935313 5.3061224489795915 3.252430757051884
4.459786648935313 5.428571428571429 3.250863521964576
4.459786648935313 5.551020408163265 3.251913001201874
4.459786648935313 5.673469387755102 3.2550788605953445
4.459786648935313 5.795918367346939 3.260003030210876
4.459786648935313 5.918367346938775 3.2664279415260884
4.459786648935313 6.040816326530612 3.2741571188859355
4.459786648935313 6.163265306122449 3.2819763265141315
4.566281315158696 3.836734693877551 4.117073932049198
4.566281315158696 3.9591836734693877 3.9226284309474453
4.566281315158696 4.081632653061225 3.743950878797654
4.566281315158696 4.204081632653061 3.602075633142644
4.566281315158696 4.326530612244898 3.490263139453063
4.566281315158696 4.448979591836735 3.4030411261686044
4.566281315158696 4.571428571428571 3.3358989779634634
4.566281315158696 4.6938775510204085 3.2850626421622833
4.566281315158696 4.816326530612245 3.247359309968272
4.566281315158696 4.938775510204081 3.220132075061996
4.566281315158696 5.061224489795919 3.2011799235904683
4.566281315158696 5.183673469387755 3.1887084062806896
4.566281315158696 5.3061224489795915 3.181283179592612
4.566281315158696 5.428571428571429 3.1777831720194145
4.566281315158696 5.551020408163265 3.177352922860182
4.566281315158696 5.673469387755102 3.179355045979198
4.566281315158696 5.795918367346939 3.183324189504196
4.566281315158696 5.918367346938775 3.1889236928868363
4.566281315158696 6.040816326530612 3.1959033284268505
4.566281315158696 6.163265306122449 3.2030886817679987
4.672775981382078 3.836734693877551 4.19682548190531
4.672775981382078 3.9591836734693877 4.004204289643816
4.672775981382078 4.081632653061225 3.8225188058723
4.672775981382078 4.204081632653061 3.673840205336476
4.672775981382078 4.326530612244898 3.552992641994797
4.672775981382078 4.448979591836735 3.4555888803388357
4.672775981382078 4.571428571428571 3.3778863903890564
4.672775981382078 4.6938775510204085 3.316653229404274
4.672775981382078 4.816326530612245 3.2690863503351775
4.672775981382078 4.938775510204081 3.232761831516076
4.672775981382078 5.061224489795919 3.2056022824788966
4.672775981382078 5.183673469387755 3.185851349418464
4.672775981382078 5.3061224489795915 3.1720490860784505
4.672775981382078 5.428571428571429 3.163005006723523
4.672775981382078 5.551020408163265 3.157767868771721
4.672775981382078 5.673469387755102 3.155592656580673
4.672775981382078 5.795918367346939 3.1559059571442107
4.672775981382078 5.918367346938775 3.158271120004109
4.672775981382078 6.040816326530612 3.1623527289552524
4.672775981382078 6.163265306122449 3.167165117375328
4.779270647605461 3.836734693877551 4.2431908149072095
4.779270647605461 3.9591836734693877 4.050927294342231
4.779270647605461 4.081632653061225 3.8661720884381285
4.779270647605461 4.204081632653061 3.7119252772260145
4.779270647605461 4.326530612244898 3.584175484732822
4.779270647605461 4.448979591836735 3.47933235625852
4.779270647605461 4.571428571428571 3.394199362770251
4.779270647605461 4.6938775510204085 3.3259090031739573
4.779270647605461 4.816326530612245 3.2718849608833596
4.779270647605461 4.938775510204081 3.2298235111486875
4.779270647605461 5.061224489795919 3.1976859432067393
4.779270647605461 5.183673469387755 3.173694790774594
4.779270647605461 5.3061224489795915 3.156328478562492
4.779270647605461 5.428571428571429 3.144311079782046
4.779270647605461 5.551020408163265 3.1365958423181146
4.779270647605461 5.673469387755102 3.1323427019496375
4.779270647605461 5.795918367346939 3.130891031562815
4.779270647605461 5.918367346938775 3.131729393091647
4.779270647605461 6.040816326530612 3.1344627124289546
4.779270647605461 6.163265306122449 3.1381790345083687
4.885765313828844 3.836734693877551 4.3208656345400485
4.885765313828844 3.9591836734693877 4.139709189825455
4.885765313828844 4.081632653061225 3.9605870398457768
4.885765313828844 4.204081632653061 3.8064472142220387
4.885765313828844 4.326530612244898 3.675102029773135
4.885765313828844 4.448979591836735 3.5642729106167206
4.885765313828844 4.571428571428571 3.471728702938457
4.885765313828844 4.6938775510204085 3.39532163151649
4.885765313828844 4.816326530612245 3.333009314376838
4.885765313828844 4.938775510204081 3.282873539882683
4.885765313828844 5.061224489795919 3.2431386113594476
4.885765313828844 5.183673469387755 3.212188380503721
4.885765313828844 5.3061224489795915 3.1885797889670253
4.885765313828844 5.428571428571429 3.171050795973973
4.885765313828844 5.551020408163265 3.1585213320599568
4.885765313828844 5.673469387755102 3.1500869274864134
4.885765313828844 5.795918367346939 3.1450056123329033
4.885765313828844 5.918367346938775 3.142679414607837
4.885765313828844 6.040816326530612 3.1426313643603576
4.885765313828844 6.163265306122449 3.1441134484242204
4.992259980052227 3.836734693877551 4.385257982950511
4.992259980052227 3.9591836734693877 4.218028657416325
4.992259980052227 4.081632653061225 4.048002419820963
4.992259980052227 4.204081632653061 3.897515359179436
4.992259980052227 4.326530612244898 3.766015702341667
4.992259980052227 4.448979591836735 3.652424524799101
4.992259980052227 4.571428571428571 3.5554068573456403
4.992259980052227 4.6938775510204085 3.4734944043026927
4.992259980052227 4.816326530612245 3.4051611498335297
4.992259980052227 4.938775510204081 3.3488759355963764
4.992259980052227 5.061224489795919 3.3031435535858087
4.992259980052227 5.183673469387755 3.2665389782144896
4.992259980052227 5.3061224489795915 3.2377357500124133
4.992259980052227 5.428571428571429 3.2155279364421956
4.992259980052227 5.551020408163265 3.198844751535825
4.992259980052227 5.673469387755102 3.186757277372407
4.992259980052227 5.795918367346939 3.1784774118406083
4.992259980052227 5.918367346938775 3.173349911683209
4.992259980052227 6.040816326530612 3.170838684636942
4.992259980052227 6.163265306122449 3.1703472510032285
5.0987546462756095 3.836734693877551 4.43941907368965
5.0987546462756095 3.9591836734693877 4.2852830164909115
5.0987546462756095 4.081632653061225 4.1251113613897505
5.0987546462756095 4.204081632653061 3.9802507088255576
5.0987546462756095 4.326530612244898 3.8512305082500813
5.0987546462756095 4.448979591836735 3.7378005578624967
5.0987546462756095 4.571428571428571 3.6392699264478594
5.0987546462756095 4.6938775510204085 3.55467986812509
5.0987546462756095 4.816326530612245 3.482911858242495
5.0987546462756095 4.938775510204081 3.4227604270850964
5.0987546462756095 5.061224489795919 3.372986902894065
5.0987546462756095 5.183673469387755 3.332362134801808
5.0987546462756095 5.3061224489795915 3.2997016122095175
5.0987546462756095 5.428571428571429 3.2738938917878824
5.0987546462756095 5.551020408163265 3.253922131503569
5.0987546462756095 5.673469387755102 3.2388783104123773
5.0987546462756095 5.795918367346939 3.2279700191544136
5.0987546462756095 5.918367346938775 3.220520280972453
5.0987546462756095 6.040816326530612 3.215961580157135
5.0987546462756095 6.163265306122449 3.2138324223714996
5.205249312498992 3.836734693877551 4.559422205113501
5.205249312498992 3.9591836734693877 4.4346235643532355
5.205249312498992 4.081632653061225 4.295266698251123
5.205249312498992 4.204081632653061 4.160993304949287
5.205249312498992 4.326530612244898 4.035322059074241
5.205249312498992 4.448979591836735 3.920218043127387
5.205249312498992 4.571428571428571 3.816628255908494
5.205249312498992 4.6938775510204085 3.724811620302235
5.205249312498992 4.816326530612245 3.644558124256608
5.205249312498992 4.938775510204081 3.5753382739322594
5.205249312498992 5.061224489795919 3.516409512375617
5.205249312498992 5.183673469387755 3.466896000763736
5.205249312498992 5.3061224489795915 3.4258512239534205
5.205249312498992 5.428571428571429 3.3923083945653163
5.205249312498992 5.551020408163265 3.3653209209326325
5.205249312498992 5.673469387755102 3.3439937799393915
5.205249312498992 5.795918367346939 3.3275061271973856
5.205249312498992 5.918367346938775 3.31512559342895
5.205249312498992 6.040816326530612 3.306216176443438
5.205249312498992 6.163265306122449 3.300605973674064
5.311743978722375 3.836734693877551 4.556053765146418
5.311743978722375 3.9591836734693877 4.4362930194217345
5.311743978722375 4.081632653061225 4.305085397028712
5.311743978722375 4.204081632653061 4.180340409828805
5.311743978722375 4.326530612244898 4.064408487762121
5.311743978722375 4.448979591836735 3.958511629163325
5.311743978722375 4.571428571428571 3.863155964355295
5.311743978722375 4.6938775510204085 3.778375922413364
5.311743978722375 4.816326530612245 3.7038910618413228
5.311743978722375 4.938775510204081 3.639208563519556
5.311743978722375 5.061224489795919 3.5836932028617428
5.311743978722375 5.183673469387755 3.5366183841406755
5.311743978722375 5.3061224489795915 3.4972061100866103
5.311743978722375 5.428571428571429 3.4646599798193876
5.311743978722375 5.551020408163265 3.438192945898919
5.311743978722375 5.673469387755102 3.4170502349732614
5.311743978722375 5.795918367346939 3.4005272767676478
5.311743978722375 5.918367346938775 3.387982493666069
5.311743978722375 6.040816326530612 3.378846241094384
5.311743978722375 6.163265306122449 3.3730164913849228
5.418238644945758 3.836734693877551 4.862307575030778
5.418238644945758 3.9591836734693877 4.79132989251465
5.418238644945758 4.081632653061225 4.687177329945659
5.418238644945758 4.204081632653061 4.567896645392084
5.418238644945758 4.326530612244898 4.443966053644846
5.418238644945758 4.448979591836735 4.3221734980348305
5.418238644945758 4.571428571428571 4.206722666783882
5.418238644945758 4.6938775510204085 4.100054785615312
5.418238644945758 4.816326530612245 4.003424865443854
5.418238644945758 4.938775510204081 3.917293742329249
5.418238644945758 5.061224489795919 3.841592505749853
5.418238644945758 5.183673469387755 3.7759023512632837
5.418238644945758 5.3061224489795915 3.7195796722665144
5.418238644945758 5.428571428571429 3.6718458459818644
5.418238644945758 5.551020408163265 3.6318537930175756
5.418238644945758 5.673469387755102 3.5987384698648626
5.418238644945758 5.795918367346939 3.571655408261641
5.418238644945758 5.918367346938775 3.5498097731655713
5.418238644945758 6.040816326530612 3.532480517619104
5.418238644945758 6.163265306122449 3.5201030367838757
