44 20
0.8389679973402968 3.836734693877551 5.732390735317964
0.8389679973402968 3.9591836734693877 5.732390735317964
0.8389679973402968 4.081632653061225 5.732390735317964
0.8389679973402968 4.204081632653061 5.732390735317964
0.8389679973402968 4.326530612244898 5.732390735317964
0.8389679973402968 4.448979591836735 5.732390735317964
0.8389679973402968 4.571428571428571 5.732390735317964
0.8389679973402968 4.6938775510204085 5.732390735317964
0.8389679973402968 4.816326530612245 5.732390735317964
0.8389679973402968 4.938775510204081 5.732390735317964
0.8389679973402968 5.061224489795919 5.732390735317964
0.8389679973402968 5.183673469387755 5.732390735317964
0.8389679973402968 5.3061224489795915 5.732390735317964
0.8389679973402968 5.428571428571429 5.732390735317964
0.8389679973402968 5.551020408163265 5.732390735317964
0.8389679973402968 5.673469387755102 5.732390735317964
0.8389679973402968 5.795918367346939 5.732390735317964
0.8389679973402968 5.918367346938775 5.732390735317964
0.8389679973402968 6.040816326530612 5.732390735317964
0.8389679973402968 6.163265306122449 5.732390735317964
0.9454626635636798 3.836734693877551 5.9177794460273345
0.9454626635636798 3.9591836734693877 5.9177794460273345
0.9454626635636798 4.081632653061225 5.9177794460273345
0.9454626635636798 4.204081632653061 5.9177794460273345
0.9454626635636798 4.326530612244898 5.9177794460273345
0.9454626635636798 4.448979591836735 5.9177794460273345
0.9454626635636798 4.571428571428571 5.9177794460273345
0.9454626635636798 4.6938775510204085 5.9177794460273345
0.9454626635636798 4.816326530612245 5.9177794460273345
0.9454626635636798 4.938775510204081 5.9177794460273345
0.9454626635636798 5.061224489795919 5.9177794460273345
0.9454626635636798 5.183673469387755 5.9177794460273345
0.9454626635636798 5.3061224489795915 5.9177794460273345
0.9454626635636798 5.428571428571429 5.9177794460273345
0.9454626635636798 5.551020408163265 5.9177794460273345
0.9454626635636798 5.673469387755102 5.9177794460273345
0.9454626635636798 5.795918367346939 5.9177794460273345
0.9454626635636798 5.918367346938775 5.9177794460273345
0.9454626635636798 6.040816326530612 5.9177794460273345
0.9454626635636798 6.163265306122449 5.9177794460273345
1.0519573297870626 3.836734693877551 6.089731488816086
1.0519573297870626 3.9591836734693877 6.089731488816086
1.0519573297870626 4.081632653061225 6.089731488816086
1.0519573297870626 4.204081632653061 6.089731488816086
1.0519573297870626 4.326530612244898 6.089731488816086
1.0519573297870626 4.448979591836735 6.089731488816086
1.0519573297870626 4.571428571428571 6.089731488816086
1.0519573297870626 4.6938775510204085 6.089731488816086
1.0519573297870626 4.816326530612245 6.089731488816086
1.0519573297870626 4.938775510204081 6.089731488816086
1.0519573297870626 5.061224489795919 6.089731488816086
1.0519573297870626 5.183673469387755 6.089731488816086
1.0519573297870626 5.3061224489795915 6.089731488816086
1.0519573297870626 5.428571428571429 6.089731488816086
1.0519573297870626 5.551020408163265 6.089731488816086
1.0519573297870626 5.673469387755102 6.089731488816086
1.0519573297870626 5.795918367346939 6.089731488816086
1.0519573297870626 5.918367346938775 6.089731488816086
1.0519573297870626 6.040816326530612 6.089731488816086
1.0519573297870626 6.163265306122449 6.089731488816086
1.1584519960104454 3.836734693877551 6.244803580130763
1.1584519960104454 3.9591836734693877 6.244803580130763
1.1584519960104454 4.081632653061225 6.244803580130763
1.1584519960104454 4.204081632653061 6.244803580130763
1.1584519960104454 4.326530612244898 6.244803580130763
1.1584519960104454 4.448979591836735 6.244803580130763
1.1584519960104454 4.571428571428571 6.244803580130763
1.1584519960104454 4.6938775510204085 6.244803580130763
1.1584519960104454 4.816326530612245 6.244803580130763
1.1584519960104454 4.938775510204081 6.244803580130763
1.1584519960104454 5.061224489795919 6.244803580130763
1.1584519960104454 5.183673469387755 6.244803580130763
1.1584519960104454 5.3061224489795915 6.244803580130763
1.1584519960104454 5.428571428571429 6.244803580130763
1.1584519960104454 5.551020408163265 6.244803580130763
1.1584519960104454 5.673469387755102 6.244803580130763
1.1584519960104454 5.795918367346939 6.244803580130763
1.1584519960104454 5.918367346938775 6.244803580130763
1.1584519960104454 6.040816326530612 6.244803580130763
1.1584519960104454 6.163265306122449 6.244803580130763
1.2649466622338281 3.836734693877551 6.381140773015949
1.2649466622338281 3.9591836734693877 6.381140773015949
1.2649466622338281 4.081632653061225 6.381140773015949
1.2649466622338281 4.204081632653061 6.381140773015949
1.2649466622338281 4.326530612244898 6.381140773015949
1.2649466622338281 4.448979591836735 6.381140773015949
1.2649466622338281 4.571428571428571 6.381140773015949
1.2649466622338281 4.6938775510204085 6.381140773015949
1.2649466622338281 4.816326530612245 6.381140773015949
1.2649466622338281 4.938775510204081 6.381140773015949
1.2649466622338281 5.061224489795919 6.381140773015949
1.2649466622338281 5.183673469387755 6.381140773015949
1.2649466622338281 5.3061224489795915 6.381140773015949
1.2649466622338281 5.428571428571429 6.381140773015949
1.2649466622338281 5.551020408163265 6.381140773015949
1.2649466622338281 5.673469387755102 6.381140773015949
1.2649466622338281 5.795918367346939 6.381140773015949
1.2649466622338281 5.918367346938775 6.381140773015949
1.2649466622338281 6.040816326530612 6.381140773015949
1.2649466622338281 6.163265306122449 6.381140773015949
1.371441328457211 3.836734693877551 6.498538109801895
1.371441328457211 3.9591836734693877 6.498538109801895
1.371441328457211 4.081632653061225 6.498538109801895
1.371441328457211 4.204081632653061 6.498538109801895
1.371441328457211 4.326530612244898 6.498538109801895
1.371441328457211 4.448979591836735 6.498538109801895
1.371441328457211 4.571428571428571 6.498538109801895
1.371441328457211 4.6938775510204085 6.498538109801895
1.371441328457211 4.816326530612245 6.498538109801895
1.371441328457211 4.938775510204081 6.498538109801895
1.371441328457211 5.061224489795919 6.498538109801895
1.371441328457211 5.183673469387755 6.498538109801895
1.371441328457211 5.3061224489795915 6.498538109801895
1.371441328457211 5.428571428571429 6.498538109801895
1.371441328457211 5.551020408163265 6.498538109801895
1.371441328457211 5.673469387755102 6.498538109801895
1.371441328457211 5.795918367346939 6.498538109801895
1.371441328457211 5.918367346938775 6.498538109801895
1.371441328457211 6.040816326530612 6.498538109801895
1.371441328457211 6.163265306122449 6.498538109801895
1.4779359946805937 3.836734693877551 6.59806928487903
1.4779359946805937 3.9591836734693877 6.59806928487903
1.4779359946805937 4.081632653061225 6.59806928487903
1.4779359946805937 4.204081632653061 6.59806928487903
1.4779359946805937 4.326530612244898 6.59806928487903
1.4779359946805937 4.448979591836735 6.59806928487903
1.4779359946805937 4.571428571428571 6.59806928487903
1.4779359946805937 4.6938775510204085 6.59806928487903
1.4779359946805937 4.816326530612245 6.59806928487903
1.4779359946805937 4.938775510204081 6.59806928487903
1.4779359946805937 5.061224489795919 6.59806928487903
1.4779359946805937 5.183673469387755 6.59806928487903
1.4779359946805937 5.3061224489795915 6.59806928487903
1.4779359946805937 5.428571428571429 6.59806928487903
1.4779359946805937 5.551020408163265 6.59806928487903
1.4779359946805937 5.673469387755102 6.59806928487903
1.4779359946805937 5.795918367346939 6.59806928487903
1.4779359946805937 5.918367346938775 6.59806928487903
1.4779359946805937 6.040816326530612 6.59806928487903
1.4779359946805937 6.163265306122449 6.59806928487903
1.5844306609039764 3.836734693877551 6.681377459465723
1.5844306609039764 3.9591836734693877 6.681377459465723
1.5844306609039764 4.081632653061225 6.681377459465723
1.5844306609039764 4.204081632653061 6.681377459465723
1.5844306609039764 4.326530612244898 6.681377459465723
1.5844306609039764 4.448979591836735 6.681377459465723
1.5844306609039764 4.571428571428571 6.681377459465723
1.5844306609039764 4.6938775510204085 6.681377459465723
1.5844306609039764 4.816326530612245 6.681377459465723
1.5844306609039764 4.938775510204081 6.681377459465723
1.5844306609039764 5.061224489795919 6.681377459465723
1.5844306609039764 5.183673469387755 6.681377459465723
1.5844306609039764 5.3061224489795915 6.681377459465723
1.5844306609039764 5.428571428571429 6.681377459465723
1.5844306609039764 5.551020408163265 6.681377459465723
1.5844306609039764 5.673469387755102 6.681377459465723
1.5844306609039764 5.795918367346939 6.681377459465723
1.5844306609039764 5.918367346938775 6.681377459465723
1.5844306609039764 6.040816326530612 6.681377459465723
1.5844306609039764 6.163265306122449 6.681377459465723
1.6909253271273594 3.836734693877551 6.749821693325515
1.6909253271273594 3.9591836734693877 6.749821693325515
1.6909253271273594 4.081632653061225 6.749821693325515
1.6909253271273594 4.204081632653061 6.749821693325515
1.6909253271273594 4.326530612244898 6.749821693325515
1.6909253271273594 4.448979591836735 6.749821693325515
1.6909253271273594 4.571428571428571 6.749821693325515
1.6909253271273594 4.6938775510204085 6.749821693325515
1.6909253271273594 4.816326530612245 6.749821693325515
1.6909253271273594 4.938775510204081 6.749821693325515
1.6909253271273594 5.061224489795919 6.749821693325515
1.6909253271273594 5.183673469387755 6.749821693325515
1.6909253271273594 5.3061224489795915 6.749821693325515
1.6909253271273594 5.428571428571429 6.749821693325515
1.6909253271273594 5.551020408163265 6.749821693325515
1.6909253271273594 5.673469387755102 6.749821693325515
1.6909253271273594 5.795918367346939 6.749821693325515
1.6909253271273594 5.918367346938775 6.749821693325515
1.6909253271273594 6.040816326530612 6.749821693325515
1.6909253271273594 6.163265306122449 6.749821693325515
1.7974199933507422 3.836734693877551 6.803719046772909
1.7974199933507422 3.9591836734693877 6.803719046772909
1.7974199933507422 4.081632653061225 6.803719046772909
1.7974199933507422 4.204081632653061 6.803719046772909
1.7974199933507422 4.326530612244898 6.803719046772909
1.7974199933507422 4.448979591836735 6.803719046772909
1.7974199933507422 4.571428571428571 6.803719046772909
1.7974199933507422 4.6938775510204085 6.803719046772909
1.7974199933507422 4.816326530612245 6.803719046772909
1.7974199933507422 4.938775510204081 6.803719046772909
1.7974199933507422 5.061224489795919 6.803719046772909
1.7974199933507422 5.183673469387755 6.803719046772909
1.7974199933507422 5.3061224489795915 6.803719046772909
1.7974199933507422 5.428571428571429 6.803719046772909
1.7974199933507422 5.551020408163265 6.803719046772909
1.7974199933507422 5.673469387755102 6.803719046772909
1.7974199933507422 5.795918367346939 6.803719046772909
1.7974199933507422 5.918367346938775 6.803719046772909
1.7974199933507422 6.040816326530612 6.803719046772909
1.7974199933507422 6.163265306122449 6.803719046772909
1.903914659574125 3.836734693877551 6.841903103786843
1.903914659574125 3.9591836734693877 6.841903103786843
1.903914659574125 4.081632653061225 6.841903103786843
1.903914659574125 4.204081632653061 6.841903103786843
1.903914659574125 4.326530612244898 6.841903103786843
1.903914659574125 4.448979591836735 6.841903103786843
1.903914659574125 4.571428571428571 6.841903103786843
1.903914659574125 4.6938775510204085 6.841903103786843
1.903914659574125 4.816326530612245 6.841903103786843
1.903914659574125 4.938775510204081 6.841903103786843
1.903914659574125 5.061224489795919 6.841903103786843
1.903914659574125 5.183673469387755 6.841903103786843
1.903914659574125 5.3061224489795915 6.841903103786843
1.903914659574125 5.428571428571429 6.841903103786843
1.903914659574125 5.551020408163265 6.841903103786843
1.903914659574125 5.673469387755102 6.841903103786843
1.903914659574125 5.795918367346939 6.841903103786843
1.903914659574125 5.918367346938775 6.841903103786843
1.903914659574125 6.040816326530612 6.841903103786843
1.903914659574125 6.163265306122449 6.841903103786843
2.0104093257975078 3.836734693877551 6.861738434167798
2.0104093257975078 3.9591836734693877 6.861738434167798
2.0104093257975078 4.081632653061225 6.861738434167798
2.0104093257975078 4.204081632653061 6.861738434167798
2.0104093257975078 4.326530612244898 6.861738434167798
2.0104093257975078 4.448979591836735 6.861738434167798
2.0104093257975078 4.571428571428571 6.861738434167798
2.0104093257975078 4.6938775510204085 6.861738434167798
2.0104093257975078 4.816326530612245 6.861738434167798
2.0104093257975078 4.938775510204081 6.861738434167798
2.0104093257975078 5.061224489795919 6.861738434167798
2.0104093257975078 5.183673469387755 6.861738434167798
2.0104093257975078 5.3061224489795915 6.861738434167798
2.0104093257975078 5.428571428571429 6.861738434167798
2.0104093257975078 5.551020408163265 6.861738434167798
2.0104093257975078 5.673469387755102 6.861738434167798
2.0104093257975078 5.795918367346939 6.861738434167798
2.0104093257975078 5.918367346938775 6.861738434167798
2.0104093257975078 6.040816326530612 6.861738434167798
2.0104093257975078 6.163265306122449 6.861738434167798
2.1169039920208905 3.836734693877551 6.859608572803157
2.1169039920208905 3.9591836734693877 6.859608572803157
2.1169039920208905 4.081632653061225 6.859608572803157
2.1169039920208905 4.204081632653061 6.859608572803157
2.1169039920208905 4.326530612244898 6.859608572803157
2.1169039920208905 4.448979591836735 6.859608572803157
2.1169039920208905 4.571428571428571 6.859608572803157
2.1169039920208905 4.6938775510204085 6.859608572803157
2.1169039920208905 4.816326530612245 6.859608572803157
2.1169039920208905 4.938775510204081 6.859608572803157
2.1169039920208905 5.061224489795919 6.859608572803157
2.1169039920208905 5.183673469387755 6.859608572803157
2.1169039920208905 5.3061224489795915 6.859608572803157
2.1169039920208905 5.428571428571429 6.859608572803157
2.1169039920208905 5.551020408163265 6.859608572803157
2.1169039920208905 5.673469387755102 6.859608572803157
2.1169039920208905 5.795918367346939 6.859608572803157
2.1169039920208905 5.918367346938775 6.859608572803157
2.1169039920208905 6.040816326530612 6.859608572803157
2.1169039920208905 6.163265306122449 6.859608572803157
2.2233986582442737 3.836734693877551 6.831765279534182
2.2233986582442737 3.9591836734693877 6.831765279534182
2.2233986582442737 4.081632653061225 6.831765279534182
2.2233986582442737 4.204081632653061 6.831765279534182
2.2233986582442737 4.326530612244898 6.831765279534182
2.2233986582442737 4.448979591836735 6.831765279534182
2.2233986582442737 4.571428571428571 6.831765279534182
2.2233986582442737 4.6938775510204085 6.831765279534182
2.2233986582442737 4.816326530612245 6.831765279534182
2.2233986582442737 4.938775510204081 6.831765279534182
2.2233986582442737 5.061224489795919 6.831765279534182
2.2233986582442737 5.183673469387755 6.831765279534182
2.2233986582442737 5.3061224489795915 6.831765279534182
2.2233986582442737 5.428571428571429 6.831765279534182
2.2233986582442737 5.551020408163265 6.831765279534182
2.2233986582442737 5.673469387755102 6.831765279534182
2.2233986582442737 5.795918367346939 6.831765279534182
2.2233986582442737 5.918367346938775 6.831765279534182
2.2233986582442737 6.040816326530612 6.831765279534182
2.2233986582442737 6.163265306122449 6.831765279534182
2.3298933244676565 3.836734693877551 6.775324667748155
2.3298933244676565 3.9591836734693877 6.775324667748155
2.3298933244676565 4.081632653061225 6.775324667748155
2.3298933244676565 4.204081632653061 6.775324667748155
2.3298933244676565 4.326530612244898 6.775324667748155
2.3298933244676565 4.448979591836735 6.775324667748155
2.3298933244676565 4.571428571428571 6.775324667748155
2.3298933244676565 4.6938775510204085 6.775324667748155
2.3298933244676565 4.816326530612245 6.775324667748155
2.3298933244676565 4.938775510204081 6.775324667748155
2.3298933244676565 5.061224489795919 6.775324667748155
2.3298933244676565 5.183673469387755 6.775324667748155
2.3298933244676565 5.3061224489795915 6.775324667748155
2.3298933244676565 5.428571428571429 6.775324667748155
2.3298933244676565 5.551020408163265 6.775324667748155
2.3298933244676565 5.673469387755102 6.775324667748155
2.3298933244676565 5.795918367346939 6.775324667748155
2.3298933244676565 5.918367346938775 6.775324667748155
2.3298933244676565 6.040816326530612 6.775324667748155
2.3298933244676565 6.163265306122449 6.775324667748155
2.4363879906910393 3.836734693877551 6.689149691950238
2.4363879906910393 3.9591836734693877 6.689149691950238
2.4363879906910393 4.081632653061225 6.689149691950238
2.4363879906910393 4.204081632653061 6.689149691950238
2.4363879906910393 4.326530612244898 6.689149691950238
2.4363879906910393 4.448979591836735 6.689149691950238
2.4363879906910393 4.571428571428571 6.689149691950238
2.4363879906910393 4.6938775510204085 6.689149691950238
2.4363879906910393 4.816326530612245 6.689149691950238
2.4363879906910393 4.938775510204081 6.689149691950238
2.4363879906910393 5.061224489795919 6.689149691950238
2.4363879906910393 5.183673469387755 6.689149691950238
2.4363879906910393 5.3061224489795915 6.689149691950238
2.4363879906910393 5.428571428571429 6.689149691950238
2.4363879906910393 5.551020408163265 6.689149691950238
2.4363879906910393 5.673469387755102 6.689149691950238
2.4363879906910393 5.795918367346939 6.689149691950238
2.4363879906910393 5.918367346938775 6.689149691950238
2.4363879906910393 6.040816326530612 6.689149691950238
2.4363879906910393 6.163265306122449 6.689149691950238
2.542882656914422 3.836734693877551 6.574381928484341
2.542882656914422 3.9591836734693877 6.574381928484341
2.542882656914422 4.081632653061225 6.574381928484341
2.542882656914422 4.204081632653061 6.574381928484341
2.542882656914422 4.326530612244898 6.574381928484341
2.542882656914422 4.448979591836735 6.574381928484341
2.542882656914422 4.571428571428571 6.574381928484341
2.542882656914422 4.6938775510204085 6.574381928484341
2.542882656914422 4.816326530612245 6.574381928484341
2.542882656914422 4.938775510204081 6.574381928484341
2.542882656914422 5.061224489795919 6.574381928484341
2.542882656914422 5.183673469387755 6.574381928484341
2.542882656914422 5.3061224489795915 6.574381928484341
2.542882656914422 5.428571428571429 6.574381928484341
2.542882656914422 5.551020408163265 6.574381928484341
2.542882656914422 5.673469387755102 6.574381928484341
2.542882656914422 5.795918367346939 6.574381928484341
2.542882656914422 5.918367346938775 6.574381928484341
2.542882656914422 6.040816326530612 6.574381928484341
2.542882656914422 6.163265306122449 6.574381928484341
2.649377323137805 3.836734693877551 6.434473211645232
2.649377323137805 3.9591836734693877 6.434473211645232
2.649377323137805 4.081632653061225 6.434473211645232
2.649377323137805 4.204081632653061 6.434473211645232
2.649377323137805 4.326530612244898 6.434473211645232
2.649377323137805 4.448979591836735 6.434473211645232
2.649377323137805 4.571428571428571 6.434473211645232
2.649377323137805 4.6938775510204085 6.434473211645232
2.649377323137805 4.816326530612245 6.434473211645232
2.649377323137805 4.938775510204081 6.434473211645232
2.649377323137805 5.061224489795919 6.434473211645232
2.649377323137805 5.183673469387755 6.434473211645232
2.649377323137805 5.3061224489795915 6.434473211645232
2.649377323137805 5.428571428571429 6.434473211645232
2.649377323137805 5.551020408163265 6.434473211645232
2.649377323137805 5.673469387755102 6.434473211645232
2.649377323137805 5.795918367346939 6.434473211645232
2.649377323137805 5.918367346938775 6.434473211645232
2.649377323137805 6.040816326530612 6.434473211645232
2.649377323137805 6.163265306122449 6.434473211645232
2.7558719893611876 3.836734693877551 6.274696609696148
2.7558719893611876 3.9591836734693877 6.274696609696148
2.7558719893611876 4.081632653061225 6.274696609696148
2.7558719893611876 4.204081632653061 6.274696609696148
2.7558719893611876 4.326530612244898 6.274696609696148
2.7558719893611876 4.448979591836735 6.274696609696148
2.7558719893611876 4.571428571428571 6.274696609696148
2.7558719893611876 4.6938775510204085 6.274696609696148
2.7558719893611876 4.816326530612245 6.274696609696148
2.7558719893611876 4.938775510204081 6.274696609696148
2.7558719893611876 5.061224489795919 6.274696609696148
2.7558719893611876 5.183673469387755 6.274696609696148
2.7558719893611876 5.3061224489795915 6.274696609696148
2.7558719893611876 5.428571428571429 6.274696609696148
2.7558719893611876 5.551020408163265 6.274696609696148
2.7558719893611876 5.673469387755102 6.274696609696148
2.7558719893611876 5.795918367346939 6.274696609696148
2.7558719893611876 5.918367346938775 6.274696609696148
2.7558719893611876 6.040816326530612 6.274696609696148
2.7558719893611876 6.163265306122449 6.274696609696148
2.8623666555845704 3.836734693877551 6.101252123854746
2.8623666555845704 3.9591836734693877 6.101252123854746
2.8623666555845704 4.081632653061225 6.101252123854746
2.8623666555845704 4.204081632653061 6.101252123854746
2.8623666555845704 4.326530612244898 6.101252123854746
2.8623666555845704 4.448979591836735 6.101252123854746
2.8623666555845704 4.571428571428571 6.101252123854746
2.8623666555845704 4.6938775510204085 6.101252123854746
2.8623666555845704 4.816326530612245 6.101252123854746
2.8623666555845704 4.938775510204081 6.101252123854746
2.8623666555845704 5.061224489795919 6.101252123854746
2.8623666555845704 5.183673469387755 6.101252123854746
2.8623666555845704 5.3061224489795915 6.101252123854746
2.8623666555845704 5.428571428571429 6.101252123854746
2.8623666555845704 5.551020408163265 6.101252123854746
2.8623666555845704 5.673469387755102 6.101252123854746
2.8623666555845704 5.795918367346939 6.101252123854746
2.8623666555845704 5.918367346938775 6.101252123854746
2.8623666555845704 6.040816326530612 6.101252123854746
2.8623666555845704 6.163265306122449 6.101252123854746
2.968861321807953 3.836734693877551 5.920188892323126
2.968861321807953 3.9591836734693877 5.920188892323126
2.968861321807953 4.081632653061225 5.920188892323126
2.968861321807953 4.204081632653061 5.920188892323126
2.968861321807953 4.326530612244898 5.920188892323126
2.968861321807953 4.448979591836735 5.920188892323126
2.968861321807953 4.571428571428571 5.920188892323126
2.968861321807953 4.6938775510204085 5.920188892323126
2.968861321807953 4.816326530612245 5.920188892323126
2.968861321807953 4.938775510204081 5.920188892323126
2.968861321807953 5.061224489795919 5.920188892323126
2.968861321807953 5.183673469387755 5.920188892323126
2.968861321807953 5.3061224489795915 5.920188892323126
2.968861321807953 5.428571428571429 5.920188892323126
2.968861321807953 5.551020408163265 5.920188892323126
2.968861321807953 5.673469387755102 5.920188892323126
2.968861321807953 5.795918367346939 5.920188892323126
2.968861321807953 5.918367346938775 5.920188892323126
2.968861321807953 6.040816326530612 5.920188892323126
2.968861321807953 6.163265306122449 5.920188892323126
3.0753559880313364 3.836734693877551 5.736413856782529
3.0753559880313364 3.9591836734693877 5.736413856782529
3.0753559880313364 4.081632653061225 5.736413856782529
3.0753559880313364 4.204081632653061 5.736413856782529
3.0753559880313364 4.326530612244898 5.736413856782529
3.0753559880313364 4.448979591836735 5.736413856782529
3.0753559880313364 4.571428571428571 5.736413856782529
3.0753559880313364 4.6938775510204085 5.736413856782529
3.0753559880313364 4.816326530612245 5.736413856782529
3.0753559880313364 4.938775510204081 5.736413856782529
3.0753559880313364 5.061224489795919 5.736413856782529
3.0753559880313364 5.183673469387755 5.736413856782529
3.0753559880313364 5.3061224489795915 5.736413856782529
3.0753559880313364 5.428571428571429 5.736413856782529
3.0753559880313364 5.551020408163265 5.736413856782529
3.0753559880313364 5.673469387755102 5.736413856782529
3.0753559880313364 5.795918367346939 5.736413856782529
3.0753559880313364 5.918367346938775 5.736413856782529
3.0753559880313364 6.040816326530612 5.736413856782529
3.0753559880313364 6.163265306122449 5.736413856782529
3.181850654254719 3.836734693877551 5.553033666038265
3.181850654254719 3.9591836734693877 5.553033666038265
3.181850654254719 4.081632653061225 5.553033666038265
3.181850654254719 4.204081632653061 5.553033666038265
3.181850654254719 4.326530612244898 5.553033666038265
3.181850654254719 4.448979591836735 5.553033666038265
3.181850654254719 4.571428571428571 5.553033666038265
3.181850654254719 4.6938775510204085 5.553033666038265
3.181850654254719 4.816326530612245 5.553033666038265
3.181850654254719 4.938775510204081 5.553033666038265
3.181850654254719 5.061224489795919 5.553033666038265
3.181850654254719 5.183673469387755 5.553033666038265
3.181850654254719 5.3061224489795915 5.553033666038265
3.181850654254719 5.428571428571429 5.553033666038265
3.181850654254719 5.551020408163265 5.553033666038265
3.181850654254719 5.673469387755102 5.553033666038265
3.181850654254719 5.795918367346939 5.553033666038265
3.181850654254719 5.918367346938775 5.553033666038265
3.181850654254719 6.040816326530612 5.553033666038265
3.181850654254719 6.163265306122449 5.553033666038265
3.288345320478102 3.836734693877551 5.371188121558729
3.288345320478102 3.9591836734693877 5.371188121558729
3.288345320478102 4.081632653061225 5.371188121558729
3.288345320478102 4.204081632653061 5.371188121558729
3.288345320478102 4.326530612244898 5.371188121558729
3.288345320478102 4.448979591836735 5.371188121558729
3.288345320478102 4.571428571428571 5.371188121558729
3.288345320478102 4.6938775510204085 5.371188121558729
3.288345320478102 4.816326530612245 5.371188121558729
3.288345320478102 4.938775510204081 5.371188121558729
3.288345320478102 5.061224489795919 5.371188121558729
3.288345320478102 5.183673469387755 5.371188121558729
3.288345320478102 5.3061224489795915 5.371188121558729
3.288345320478102 5.428571428571429 5.371188121558729
3.288345320478102 5.551020408163265 5.371188121558729
3.288345320478102 5.673469387755102 5.371188121558729
3.288345320478102 5.795918367346939 5.371188121558729
3.288345320478102 5.918367346938775 5.371188121558729
3.288345320478102 6.040816326530612 5.371188121558729
3.288345320478102 6.163265306122449 5.371188121558729
3.3948399867014847 3.836734693877551 5.190403383113496
3.3948399867014847 3.9591836734693877 5.190403383113496
3.3948399867014847 4.081632653061225 5.190403383113496
3.3948399867014847 4.204081632653061 5.190403383113496
3.3948399867014847 4.326530612244898 5.190403383113496
3.3948399867014847 4.448979591836735 5.190403383113496
3.3948399867014847 4.571428571428571 5.190403383113496
3.3948399867014847 4.6938775510204085 5.190403383113496
3.3948399867014847 4.816326530612245 5.190403383113496
3.3948399867014847 4.938775510204081 5.190403383113496
3.3948399867014847 5.061224489795919 5.190403383113496
3.3948399867014847 5.183673469387755 5.190403383113496
3.3948399867014847 5.3061224489795915 5.190403383113496
3.3948399867014847 5.428571428571429 5.190403383113496
3.3948399867014847 5.551020408163265 5.190403383113496
3.3948399867014847 5.673469387755102 5.190403383113496
3.3948399867014847 5.795918367346939 5.190403383113496
3.3948399867014847 5.918367346938775 5.190403383113496
3.3948399867014847 6.040816326530612 5.190403383113496
3.3948399867014847 6.163265306122449 5.190403383113496
3.5013346529248675 3.836734693877551 5.009356323140357
3.5013346529248675 3.9591836734693877 5.009356323140357
3.5013346529248675 4.081632653061225 5.009356323140357
3.5013346529248675 4.204081632653061 5.009356323140357
3.5013346529248675 4.326530612244898 5.009356323140357
3.5013346529248675 4.448979591836735 5.009356323140357
3.5013346529248675 4.571428571428571 5.009356323140357
3.5013346529248675 4.6938775510204085 5.009356323140357
3.5013346529248675 4.816326530612245 5.009356323140357
3.5013346529248675 4.938775510204081 5.009356323140357
3.5013346529248675 5.061224489795919 5.009356323140357
3.5013346529248675 5.183673469387755 5.009356323140357
3.5013346529248675 5.3061224489795915 5.009356323140357
3.5013346529248675 5.428571428571429 5.009356323140357
3.5013346529248675 5.551020408163265 5.009356323140357
3.5013346529248675 5.673469387755102 5.009356323140357
3.5013346529248675 5.795918367346939 5.009356323140357
3.5013346529248675 5.918367346938775 5.009356323140357
3.5013346529248675 6.040816326530612 5.009356323140357
3.5013346529248675 6.163265306122449 5.009356323140357
3.6078293191482502 3.836734693877551 4.826834476449985
3.6078293191482502 3.9591836734693877 4.826834476449985
3.6078293191482502 4.081632653061225 4.826834476449985
3.6078293191482502 4.204081632653061 4.826834476449985
3.6078293191482502 4.326530612244898 4.826834476449985
3.6078293191482502 4.448979591836735 4.826834476449985
3.6078293191482502 4.571428571428571 4.826834476449985
3.6078293191482502 4.6938775510204085 4.826834476449985
3.6078293191482502 4.816326530612245 4.826834476449985
3.6078293191482502 4.938775510204081 4.826834476449985
3.6078293191482502 5.061224489795919 4.826834476449985
3.6078293191482502 5.183673469387755 4.826834476449985
3.6078293191482502 5.3061224489795915 4.826834476449985
3.6078293191482502 5.428571428571429 4.826834476449985
3.6078293191482502 5.551020408163265 4.826834476449985
3.6078293191482502 5.673469387755102 4.826834476449985
3.6078293191482502 5.795918367346939 4.826834476449985
3.6078293191482502 5.918367346938775 4.826834476449985
3.6078293191482502 6.040816326530612 4.826834476449985
3.6078293191482502 6.163265306122449 4.826834476449985
3.714323985371633 3.836734693877551 4.642627447227588
3.714323985371633 3.9591836734693877 4.642627447227588
3.714323985371633 4.081632653061225 4.642627447227588
3.714323985371633 4.204081632653061 4.642627447227588
3.714323985371633 4.326530612244898 4.642627447227588
3.714323985371633 4.448979591836735 4.642627447227588
3.714323985371633 4.571428571428571 4.642627447227588
3.714323985371633 4.6938775510204085 4.642627447227588
3.714323985371633 4.816326530612245 4.642627447227588
3.714323985371633 4.938775510204081 4.642627447227588
3.714323985371633 5.061224489795919 4.642627447227588
3.714323985371633 5.183673469387755 4.642627447227588
3.714323985371633 5.3061224489795915 4.642627447227588
3.714323985371633 5.428571428571429 4.642627447227588
3.714323985371633 5.551020408163265 4.642627447227588
3.714323985371633 5.673469387755102 4.642627447227588
3.714323985371633 5.795918367346939 4.642627447227588
3.714323985371633 5.918367346938775 4.642627447227588
3.714323985371633 6.040816326530612 4.642627447227588
3.714323985371633 6.163265306122449 4.642627447227588
3.8208186515950158 3.836734693877551 4.458108033081464
3.8208186515950158 3.9591836734693877 4.458108033081464
3.8208186515950158 4.081632653061225 4.458108033081464
3.8208186515950158 4.204081632653061 4.458108033081464
3.8208186515950158 4.326530612244898 4.458108033081464
3.8208186515950158 4.448979591836735 4.458108033081464
3.8208186515950158 4.571428571428571 4.458108033081464
3.8208186515950158 4.6938775510204085 4.458108033081464
3.8208186515950158 4.816326530612245 4.458108033081464
3.8208186515950158 4.938775510204081 4.458108033081464
3.8208186515950158 5.061224489795919 4.458108033081464
3.8208186515950158 5.183673469387755 4.458108033081464
3.8208186515950158 5.3061224489795915 4.458108033081464
3.8208186515950158 5.428571428571429 4.458108033081464
3.8208186515950158 5.551020408163265 4.458108033081464
3.8208186515950158 5.673469387755102 4.458108033081464
3.8208186515950158 5.795918367346939 4.458108033081464
3.8208186515950158 5.918367346938775 4.458108033081464
3.8208186515950158 6.040816326530612 4.458108033081464
3.8208186515950158 6.163265306122449 4.458108033081464
3.9273133178183985 3.836734693877551 4.276348128510153
3.9273133178183985 3.9591836734693877 4.276348128510153
3.9273133178183985 4.081632653061225 4.276348128510153
3.9273133178183985 4.204081632653061 4.276348128510153
3.9273133178183985 4.326530612244898 4.276348128510153
3.9273133178183985 4.448979591836735 4.276348128510153
3.9273133178183985 4.571428571428571 4.276348128510153
3.9273133178183985 4.6938775510204085 4.276348128510153
3.9273133178183985 4.816326530612245 4.276348128510153
3.9273133178183985 4.938775510204081 4.276348128510153
3.9273133178183985 5.061224489795919 4.276348128510153
3.9273133178183985 5.183673469387755 4.276348128510153
3.9273133178183985 5.3061224489795915 4.276348128510153
3.9273133178183985 5.428571428571429 4.276348128510153
3.9273133178183985 5.551020408163265 4.276348128510153
3.9273133178183985 5.673469387755102 4.276348128510153
3.9273133178183985 5.795918367346939 4.276348128510153
3.9273133178183985 5.918367346938775 4.276348128510153
3.9273133178183985 6.040816326530612 4.276348128510153
3.9273133178183985 6.163265306122449 4.276348128510153
4.033807984041781 3.836734693877551 4.101741771211921
4.033807984041781 3.9591836734693877 4.101741771211921
4.033807984041781 4.081632653061225 4.101741771211921
4.033807984041781 4.204081632653061 4.101741771211921
4.033807984041781 4.326530612244898 4.101741771211921
4.033807984041781 4.448979591836735 4.101741771211921
4.033807984041781 4.571428571428571 4.101741771211921
4.033807984041781 4.6938775510204085 4.101741771211921
4.033807984041781 4.816326530612245 4.101741771211921
4.033807984041781 4.938775510204081 4.101741771211921
4.033807984041781 5.061224489795919 4.101741771211921
4.033807984041781 5.183673469387755 4.101741771211921
4.033807984041781 5.3061224489795915 4.101741771211921
4.033807984041781 5.428571428571429 4.101741771211921
4.033807984041781 5.551020408163265 4.101741771211921
4.033807984041781 5.673469387755102 4.101741771211921
4.033807984041781 5.795918367346939 4.101741771211921
4.033807984041781 5.918367346938775 4.101741771211921
4.033807984041781 6.040816326530612 4.101741771211921
4.033807984041781 6.163265306122449 4.101741771211921
4.140302650265164 3.836734693877551 3.9392408373871928
4.140302650265164 3.9591836734693877 3.9392408373871928
4.140302650265164 4.081632653061225 3.9392408373871928
4.140302650265164 4.204081632653061 3.9392408373871928
4.140302650265164 4.326530612244898 3.9392408373871928
4.140302650265164 4.448979591836735 3.9392408373871928
4.140302650265164 4.571428571428571 3.9392408373871928
4.140302650265164 4.6938775510204085 3.9392408373871928
4.140302650265164 4.816326530612245 3.9392408373871928
4.140302650265164 4.938775510204081 3.9392408373871928
4.140302650265164 5.061224489795919 3.9392408373871928
4.140302650265164 5.183673469387755 3.9392408373871928
4.140302650265164 5.3061224489795915 3.9392408373871928
4.140302650265164 5.428571428571429 3.9392408373871928
4.140302650265164 5.551020408163265 3.9392408373871928
4.140302650265164 5.673469387755102 3.9392408373871928
4.140302650265164 5.795918367346939 3.9392408373871928
4.140302650265164 5.918367346938775 3.9392408373871928
4.140302650265164 6.040816326530612 3.9392408373871928
4.140302650265164 6.163265306122449 3.9392408373871928
4.246797316488547 3.836734693877551 3.7934119396079913
4.246797316488547 3.9591836734693877 3.7934119396079913
4.246797316488547 4.081632653061225 3.7934119396079913
4.246797316488547 4.204081632653061 3.7934119396079913
4.246797316488547 4.326530612244898 3.7934119396079913
4.246797316488547 4.448979591836735 3.7934119396079913
4.246797316488547 4.571428571428571 3.7934119396079913
4.246797316488547 4.6938775510204085 3.7934119396079913
4.246797316488547 4.816326530612245 3.7934119396079913
4.246797316488547 4.938775510204081 3.7934119396079913
4.246797316488547 5.061224489795919 3.7934119396079913
4.246797316488547 5.183673469387755 3.7934119396079913
4.246797316488547 5.3061224489795915 3.7934119396079913
4.246797316488547 5.428571428571429 3.7934119396079913
4.246797316488547 5.551020408163265 3.7934119396079913
4.246797316488547 5.673469387755102 3.7934119396079913
4.246797316488547 5.795918367346939 3.7934119396079913
4.246797316488547 5.918367346938775 3.7934119396079913
4.246797316488547 6.040816326530612 3.7934119396079913
4.246797316488547 6.163265306122449 3.7934119396079913
4.35329198271193 3.836734693877551 3.667568579417708
4.35329198271193 3.9591836734693877 3.667568579417708
4.35329198271193 4.081632653061225 3.667568579417708
4.35329198271193 4.204081632653061 3.667568579417708
4.35329198271193 4.326530612244898 3.667568579417708
4.35329198271193 4.448979591836735 3.667568579417708
4.35329198271193 4.571428571428571 3.667568579417708
4.35329198271193 4.6938775510204085 3.667568579417708
4.35329198271193 4.816326530612245 3.667568579417708
4.35329198271193 4.938775510204081 3.667568579417708
4.35329198271193 5.061224489795919 3.667568579417708
4.35329198271193 5.183673469387755 3.667568579417708
4.35329198271193 5.3061224489795915 3.667568579417708
4.35329198271193 5.428571428571429 3.667568579417708
4.35329198271193 5.551020408163265 3.667568579417708
4.35329198271193 5.673469387755102 3.667568579417708
4.35329198271193 5.795918367346939 3.667568579417708
4.35329198271193 5.918367346938775 3.667568579417708
4.35329198271193 6.040816326530612 3.667568579417708
4.35329198271193 6.163265306122449 3.667568579417708
4.459786648935313 3.836734693877551 3.563208975239495
4.459786648935313 3.9591836734693877 3.563208975239495
4.459786648935313 4.081632653061225 3.563208975239495
4.459786648935313 4.204081632653061 3.563208975239495
4.459786648935313 4.326530612244898 3.563208975239495
4.459786648935313 4.448979591836735 3.563208975239495
4.459786648935313 4.571428571428571 3.563208975239495
4.459786648935313 4.6938775510204085 3.563208975239495
4.459786648935313 4.816326530612245 3.563208975239495
4.459786648935313 4.938775510204081 3.563208975239495
4.459786648935313 5.061224489795919 3.563208975239495
4.459786648935313 5.183673469387755 3.563208975239495
4.459786648935313 5.3061224489795915 3.563208975239495
4.459786648935313 5.428571428571429 3.563208975239495
4.459786648935313 5.551020408163265 3.563208975239495
4.459786648935313 5.673469387755102 3.563208975239495
4.459786648935313 5.795918367346939 3.563208975239495
4.459786648935313 5.918367346938775 3.563208975239495
4.459786648935313 6.040816326530612 3.563208975239495
4.459786648935313 6.163265306122449 3.563208975239495
4.566281315158696 3.836734693877551 3.4799045227721788
4.566281315158696 3.9591836734693877 3.4799045227721788
4.566281315158696 4.081632653061225 3.4799045227721788
4.566281315158696 4.204081632653061 3.4799045227721788
4.566281315158696 4.326530612244898 3.4799045227721788
4.566281315158696 4.448979591836735 3.4799045227721788
4.566281315158696 4.571428571428571 3.4799045227721788
4.566281315158696 4.6938775510204085 3.4799045227721788
4.566281315158696 4.816326530612245 3.4799045227721788
4.566281315158696 4.938775510204081 3.4799045227721788
4.566281315158696 5.061224489795919 3.4799045227721788
4.566281315158696 5.183673469387755 3.4799045227721788
4.566281315158696 5.3061224489795915 3.4799045227721788
4.566281315158696 5.428571428571429 3.4799045227721788
4.566281315158696 5.551020408163265 3.4799045227721788
4.566281315158696 5.673469387755102 3.4799045227721788
4.566281315158696 5.795918367346939 3.4799045227721788
4.566281315158696 5.918367346938775 3.4799045227721788
4.566281315158696 6.040816326530612 3.4799045227721788
4.566281315158696 6.163265306122449 3.4799045227721788
4.672775981382078 3.836734693877551 3.415660558365052
4.672775981382078 3.9591836734693877 3.415660558365052
4.672775981382078 4.081632653061225 3.415660558365052
4.672775981382078 4.204081632653061 3.415660558365052
4.672775981382078 4.326530612244898 3.415660558365052
4.672775981382078 4.448979591836735 3.415660558365052
4.672775981382078 4.571428571428571 3.415660558365052
4.672775981382078 4.6938775510204085 3.415660558365052
4.672775981382078 4.816326530612245 3.415660558365052
4.672775981382078 4.938775510204081 3.415660558365052
4.672775981382078 5.061224489795919 3.415660558365052
4.672775981382078 5.183673469387755 3.415660558365052
4.672775981382078 5.3061224489795915 3.415660558365052
4.672775981382078 5.428571428571429 3.415660558365052
4.672775981382078 5.551020408163265 3.415660558365052
4.672775981382078 5.673469387755102 3.415660558365052
4.672775981382078 5.795918367346939 3.415660558365052
4.672775981382078 5.918367346938775 3.415660558365052
4.672775981382078 6.040816326530612 3.415660558365052
4.672775981382078 6.163265306122449 3.415660558365052
4.779270647605461 3.836734693877551 3.367643986309528
4.779270647605461 3.9591836734693877 3.367643986309528
4.779270647605461 4.081632653061225 3.367643986309528
4.779270647605461 4.204081632653061 3.367643986309528
4.779270647605461 4.326530612244898 3.367643986309528
4.779270647605461 4.448979591836735 3.367643986309528
4.779270647605461 4.571428571428571 3.367643986309528
4.779270647605461 4.6938775510204085 3.367643986309528
4.779270647605461 4.816326530612245 3.367643986309528
4.779270647605461 4.938775510204081 3.367643986309528
4.779270647605461 5.061224489795919 3.367643986309528
4.779270647605461 5.183673469387755 3.367643986309528
4.779270647605461 5.3061224489795915 3.367643986309528
4.779270647605461 5.428571428571429 3.367643986309528
4.779270647605461 5.551020408163265 3.367643986309528
4.779270647605461 5.673469387755102 3.367643986309528
4.779270647605461 5.795918367346939 3.367643986309528
4.779270647605461 5.918367346938775 3.367643986309528
4.779270647605461 6.040816326530612 3.367643986309528
4.779270647605461 6.163265306122449 3.367643986309528
4.885765313828844 3.836734693877551 3.3330759973242654
4.885765313828844 3.9591836734693877 3.3330759973242654
4.885765313828844 4.081632653061225 3.3330759973242654
4.885765313828844 4.204081632653061 3.3330759973242654
4.885765313828844 4.326530612244898 3.3330759973242654
4.885765313828844 4.448979591836735 3.3330759973242654
4.885765313828844 4.571428571428571 3.3330759973242654
4.885765313828844 4.6938775510204085 3.3330759973242654
4.885765313828844 4.816326530612245 3.3330759973242654
4.885765313828844 4.938775510204081 3.3330759973242654
4.885765313828844 5.061224489795919 3.3330759973242654
4.885765313828844 5.183673469387755 3.3330759973242654
4.885765313828844 5.3061224489795915 3.3330759973242654
4.885765313828844 5.428571428571429 3.3330759973242654
4.885765313828844 5.551020408163265 3.3330759973242654
4.885765313828844 5.673469387755102 3.3330759973242654
4.885765313828844 5.795918367346939 3.3330759973242654
4.885765313828844 5.918367346938775 3.3330759973242654
4.885765313828844 6.040816326530612 3.3330759973242654
4.885765313828844 6.163265306122449 3.3330759973242654
4.992259980052227 3.836734693877551 3.3100482734071415
4.992259980052227 3.9591836734693877 3.3100482734071415
4.992259980052227 4.081632653061225 3.3100482734071415
4.992259980052227 4.204081632653061 3.3100482734071415
4.992259980052227 4.326530612244898 3.3100482734071415
4.992259980052227 4.448979591836735 3.3100482734071415
4.992259980052227 4.571428571428571 3.3100482734071415
4.992259980052227 4.6938775510204085 3.3100482734071415
4.992259980052227 4.816326530612245 3.3100482734071415
4.992259980052227 4.938775510204081 3.3100482734071415
4.992259980052227 5.061224489795919 3.3100482734071415
4.992259980052227 5.183673469387755 3.3100482734071415
4.992259980052227 5.3061224489795915 3.3100482734071415
4.992259980052227 5.428571428571429 3.3100482734071415
4.992259980052227 5.551020408163265 3.3100482734071415
4.992259980052227 5.673469387755102 3.3100482734071415
4.992259980052227 5.795918367346939 3.3100482734071415
4.992259980052227 5.918367346938775 3.3100482734071415
4.992259980052227 6.040816326530612 3.3100482734071415
4.992259980052227 6.163265306122449 3.3100482734071415
5.0987546462756095 3.836734693877551 3.2980476497925695
5.0987546462756095 3.9591836734693877 3.2980476497925695
5.0987546462756095 4.081632653061225 3.2980476497925695
5.0987546462756095 4.204081632653061 3.2980476497925695
5.0987546462756095 4.326530612244898 3.2980476497925695
5.0987546462756095 4.448979591836735 3.2980476497925695
5.0987546462756095 4.571428571428571 3.2980476497925695
5.0987546462756095 4.6938775510204085 3.2980476497925695
5.0987546462756095 4.816326530612245 3.2980476497925695
5.0987546462756095 4.938775510204081 3.2980476497925695
5.0987546462756095 5.061224489795919 3.2980476497925695
5.0987546462756095 5.183673469387755 3.2980476497925695
5.0987546462756095 5.3061224489795915 3.2980476497925695
5.0987546462756095 5.428571428571429 3.2980476497925695
5.0987546462756095 5.551020408163265 3.2980476497925695
5.0987546462756095 5.673469387755102 3.2980476497925695
5.0987546462756095 5.795918367346939 3.2980476497925695
5.0987546462756095 5.918367346938775 3.2980476497925695
5.0987546462756095 6.040816326530612 3.2980476497925695
5.0987546462756095 6.163265306122449 3.2980476497925695
5.205249312498992 3.836734693877551 3.298058744130393
5.205249312498992 3.9591836734693877 3.298058744130393
5.205249312498992 4.081632653061225 3.298058744130393
5.205249312498992 4.204081632653061 3.298058744130393
5.205249312498992 4.326530612244898 3.298058744130393
5.205249312498992 4.448979591836735 3.298058744130393
5.205249312498992 4.571428571428571 3.298058744130393
5.205249312498992 4.6938775510204085 3.298058744130393
5.205249312498992 4.816326530612245 3.298058744130393
5.205249312498992 4.938775510204081 3.298058744130393
5.205249312498992 5.061224489795919 3.298058744130393
5.205249312498992 5.183673469387755 3.298058744130393
5.205249312498992 5.3061224489795915 3.298058744130393
5.205249312498992 5.428571428571429 3.298058744130393
5.205249312498992 5.551020408163265 3.298058744130393
5.205249312498992 5.673469387755102 3.298058744130393
5.205249312498992 5.795918367346939 3.298058744130393
5.205249312498992 5.918367346938775 3.298058744130393
5.205249312498992 6.040816326530612 3.298058744130393
5.205249312498992 6.163265306122449 3.298058744130393
5.311743978722375 3.836734693877551 3.312232319590789
5.311743978722375 3.9591836734693877 3.312232319590789
5.311743978722375 4.081632653061225 3.312232319590789
5.311743978722375 4.204081632653061 3.312232319590789
5.311743978722375 4.326530612244898 3.312232319590789
5.311743978722375 4.448979591836735 3.312232319590789
5.311743978722375 4.571428571428571 3.312232319590789
5.311743978722375 4.6938775510204085 3.312232319590789
5.311743978722375 4.816326530612245 3.312232319590789
5.311743978722375 4.938775510204081 3.312232319590789
5.311743978722375 5.061224489795919 3.312232319590789
5.311743978722375 5.183673469387755 3.312232319590789
5.311743978722375 5.3061224489795915 3.312232319590789
5.311743978722375 5.428571428571429 3.312232319590789
5.311743978722375 5.551020408163265 3.312232319590789
5.311743978722375 5.673469387755102 3.312232319590789
5.311743978722375 5.795918367346939 3.312232319590789
5.311743978722375 5.918367346938775 3.312232319590789
5.311743978722375 6.040816326530612 3.312232319590789
5.311743978722375 6.163265306122449 3.312232319590789
5.418238644945758 3.836734693877551 3.3432259538574796
5.418238644945758 3.9591836734693877 3.3432259538574796
5.418238644945758 4.081632653061225 3.3432259538574796
5.418238644945758 4.204081632653061 3.3432259538574796
5.418238644945758 4.326530612244898 3.3432259538574796
5.418238644945758 4.448979591836735 3.3432259538574796
5.418238644945758 4.571428571428571 3.3432259538574796
5.418238644945758 4.6938775510204085 3.3432259538574796
5.418238644945758 4.816326530612245 3.3432259538574796
5.418238644945758 4.938775510204081 3.3432259538574796
5.418238644945758 5.061224489795919 3.3432259538574796
5.418238644945758 5.183673469387755 3.3432259538574796
5.418238644945758 5.3061224489795915 3.3432259538574796
5.418238644945758 5.428571428571429 3.3432259538574796
5.418238644945758 5.551020408163265 3.3432259538574796
5.418238644945758 5.673469387755102 3.3432259538574796
5.418238644945758 5.795918367346939 3.3432259538574796
5.418238644945758 5.918367346938775 3.3432259538574796
5.418238644945758 6.040816326530612 3.3432259538574796
5.418238644945758 6.163265306122449 3.3432259538574796
