-1.500000000000000000e+00 4.764250895206135761e-01
-1.399999999999999911e+00 3.265046615297779176e-01
-1.299999999999999822e+00 2.048692528791291323e-01
-1.199999999999999734e+00 1.114993830352930815e-01
-1.099999999999999645e+00 4.454981863152917415e-02
-9.999999999999995559e-01 -1.522620552770402840e-14
-8.999999999999994671e-01 -2.759787205449805783e-02
-7.999999999999993783e-01 -4.365654972771141479e-02
-6.999999999999992895e-01 -5.243196175466317832e-02
-5.999999999999992006e-01 -5.670742170017008948e-02
-4.999999999999991118e-01 -5.797806300121335216e-02
-3.999999999999990230e-01 -5.670742170013564482e-02
-2.999999999999989342e-01 -5.243196175469229392e-02
-1.999999999999988454e-01 -4.365654972772945591e-02
-9.999999999999875655e-02 -2.759787205446512931e-02
1.332267629550187849e-15 4.678748216510927455e-16
1.000000000000014211e-01 4.454981863153330279e-02
2.000000000000015099e-01 1.114993830353416399e-01
3.000000000000015987e-01 2.048692528791270506e-01
4.000000000000016875e-01 3.265046615297846899e-01
5.000000000000017764e-01 4.764250895206388337e-01
