-1.500000000000000000e+00 6.033769839511865518e-01
-1.399999999999999911e+00 4.033476315603864992e-01
-1.300000000000000044e+00 2.349407440942210545e-01
-1.199999999999999956e+00 1.110488248008417722e-01
-1.100000000000000089e+00 3.731444693671602530e-02
-1.000000000000000000e+00 4.468733763787944886e-13
-9.000000000000000222e-01 -1.819742118043774295e-02
-8.000000000000000444e-01 -2.721621068478907376e-02
-6.999999999999999556e-01 -3.170018785154968960e-02
-5.999999999999999778e-01 -3.377768686342790677e-02
-5.000000000000000000e-01 -3.438199432468795613e-02
-4.000000000000000222e-01 -3.377768686306188706e-02
-2.999999999999999889e-01 -3.170018785135440137e-02
-2.000000000000000111e-01 -2.721621068454534512e-02
-1.000000000000000056e-01 -1.819742118129061281e-02
0.000000000000000000e+00 -2.696782649800964674e-13
1.000000000000000056e-01 3.731444693636898347e-02
2.000000000000000111e-01 1.110488248008571766e-01
2.999999999999999889e-01 2.349407440938101055e-01
4.000000000000000222e-01 4.033476315606808194e-01
5.000000000000000000e-01 6.033769799999999517e-01
