-1.500000000000000000e+00 1.715049731520343901e+00
-1.438775510204081565e+00 1.635653951297540321e+00
-1.377551020408163351e+00 1.557033884739275953e+00
-1.316326530612244916e+00 1.479167705548370737e+00
-1.255102040816326481e+00 1.402111577181432978e+00
-1.193877551020408045e+00 1.325833044871241873e+00
-1.132653061224489832e+00 1.250269270784492237e+00
-1.071428571428571397e+00 1.175410472635203707e+00
-1.010204081632652962e+00 1.101246868137397028e+00
-9.489795918367347483e-01 1.027768690919336869e+00
-8.877551020408163129e-01 9.550227029452447169e-01
-8.265306122448979886e-01 8.830272477698459799e-01
-7.653061224489796643e-01 8.117671945836081315e-01
-7.040816326530612290e-01 7.412610530902589145e-01
-6.428571428571429047e-01 6.716543829880090577e-01
-5.816326530612244694e-01 6.029057132902041483e-01
-5.204081632653061451e-01 5.351346108071743934e-01
-4.591836734693877098e-01 4.683637114406095647e-01
-3.979591836734694965e-01 4.027474762329399383e-01
-3.367346938775510612e-01 3.384412490776275151e-01
-2.755102040816326259e-01 2.756209786722951249e-01
-2.142857142857144126e-01 2.147566896625519306e-01
-1.530612244897959773e-01 1.563754263474883832e-01
-9.183673469387754196e-02 1.015591552057194397e-01
-3.061224489795932868e-02 5.312647244062884688e-02
3.061224489795910664e-02 2.251422754248035701e-02
9.183673469387754196e-02 9.722420512496287442e-03
1.530612244897959773e-01 3.314201858096981618e-03
2.142857142857141906e-01 4.709753767970269525e-04
2.755102040816326259e-01 1.107745918425026392e-04
3.367346938775510612e-01 1.706555203458883646e-03
3.979591836734692745e-01 4.788292563683318320e-03
4.591836734693877098e-01 9.180037974831883885e-03
5.204081632653059231e-01 1.472644754265080291e-02
5.816326530612245804e-01 2.127306022437251004e-02
6.428571428571427937e-01 2.879724012321294851e-02
7.040816326530610070e-01 3.717942042458741159e-02
7.653061224489796643e-01 4.646107212084285565e-02
8.265306122448978776e-01 5.649663551134581629e-02
8.877551020408160909e-01 6.726760089273656207e-02
9.489795918367347483e-01 7.878909908138169438e-02
1.010204081632652962e+00 9.104278651264263722e-02
1.071428571428571175e+00 1.039819012253718200e-01
1.132653061224489832e+00 1.176162095899385696e-01
1.193877551020408045e+00 1.319554938909551223e-01
1.255102040816326259e+00 1.470095364130340476e-01
1.316326530612244916e+00 1.628411749870620484e-01
1.377551020408163129e+00 1.794828643745162711e-01
1.438775510204081343e+00 1.968784411214826724e-01
1.500000000000000000e+00 2.150497314893819456e-01
