-1.500000000000000000e+00 1.777049247157356904e+00
-1.438775510204081565e+00 1.688923973991242278e+00
-1.377551020408163351e+00 1.602121259745887372e+00
-1.316326530612244916e+00 1.516638342994531152e+00
-1.255102040816326481e+00 1.432493664356238039e+00
-1.193877551020408045e+00 1.349682838592314749e+00
-1.132653061224489832e+00 1.268182145328728971e+00
-1.071428571428571397e+00 1.187988823503673741e+00
-1.010204081632652962e+00 1.109103490434826256e+00
-9.489795918367347483e-01 1.031538399269300799e+00
-8.877551020408163129e-01 9.553100226650401705e-01
-8.265306122448979886e-01 8.804947738571943239e-01
-7.653061224489796643e-01 8.070520128516767144e-01
-7.040816326530612290e-01 7.350070024559847148e-01
-6.428571428571429047e-01 6.644760037445855971e-01
-5.816326530612244694e-01 5.954566589978954605e-01
-5.204081632653061451e-01 5.280840499948339373e-01
-4.591836734693877098e-01 4.624074195375821317e-01
-3.979591836734694965e-01 3.985823324024934111e-01
-3.367346938775510612e-01 3.367857222927402305e-01
-2.755102040816326259e-01 2.772888166126860066e-01
-2.142857142857144126e-01 2.204566432255107011e-01
-1.530612244897959773e-01 1.668895988506571282e-01
-9.183673469387754196e-02 1.176501225078300794e-01
-3.061224489795932868e-02 7.510887032275045949e-02
3.061224489795910664e-02 4.449662542476299359e-02
9.183673469387754196e-02 2.581338781398748172e-02
1.530612244897959773e-01 1.382837436085189095e-02
2.142857142857141906e-01 6.170928939762572452e-03
2.755102040816326259e-01 1.778612531021911067e-03
3.367346938775510612e-01 5.102841516964416041e-05
3.979591836734692745e-01 6.231487290181345062e-04
4.591836734693877098e-01 3.223746068195160880e-03
5.204081632653059231e-01 7.675886729527715835e-03
5.816326530612245804e-01 1.382400593665980559e-02
6.428571428571427937e-01 2.161886088741989120e-02
7.040816326530610070e-01 3.092536980288373982e-02
7.653061224489796643e-01 4.174589040265073991e-02
8.265306122448978776e-01 5.396416161225026098e-02
8.877551020408160909e-01 6.755492062418519406e-02
9.489795918367347483e-01 8.255880743254567777e-02
1.010204081632652962e+00 9.889940880216632757e-02
1.071428571428571175e+00 1.165602520751056748e-01
1.132653061224489832e+00 1.355290841042484096e-01
1.193877551020408045e+00 1.558052875719169450e-01
1.255102040816326259e+00 1.773916235399190522e-01
1.316326530612244916e+00 2.003118123822853480e-01
1.377551020408163129e+00 2.245702393377163597e-01
1.438775510204081343e+00 2.501484637871461691e-01
1.500000000000000000e+00 2.770492471573367532e-01
