-1.500000000000000000e+00 1.713650275259516409e+00
-1.350000000000000089e+00 1.525065465581739277e+00
-1.199999999999999956e+00 1.340579892153913155e+00
-1.050000000000000044e+00 1.159390273378183567e+00
-9.000000000000000222e-01 9.812620347442565505e-01
-7.500000000000000000e-01 8.064893081075866776e-01
-6.000000000000000888e-01 6.357708126780561297e-01
-4.499999999999999556e-01 4.702578899909701793e-01
-3.000000000000000444e-01 3.113866081428998123e-01
-1.500000000000001332e-01 1.599048073396192038e-01
0.000000000000000000e+00 3.570355403440607367e-02
1.499999999999999112e-01 3.497082491197090262e-03
2.999999999999998224e-01 5.448417426112120085e-04
4.499999999999999556e-01 8.492273631672320189e-03
6.000000000000000888e-01 2.350523117904741027e-02
7.500000000000000000e-01 4.411031302829307443e-02
8.999999999999999112e-01 6.951710559735353734e-02
1.049999999999999822e+00 9.921018574414595947e-02
1.199999999999999734e+00 1.329788222999910563e-01
1.350000000000000089e+00 1.710113688194996318e-01
1.500000000000000000e+00 2.135814441494784388e-01
