-1.500000000000000000e+00 1.779031354086986205e+00
-1.350000000000000089e+00 1.565331808580273432e+00
-1.199999999999999956e+00 1.359095631610635513e+00
-1.050000000000000044e+00 1.161004140109823668e+00
-9.000000000000000222e-01 9.717620651187425240e-01
-7.500000000000000000e-01 7.915896853098878250e-01
-6.000000000000000888e-01 6.199238505231480234e-01
-4.499999999999999556e-01 4.557991142226405779e-01
-3.000000000000000444e-01 3.008468873504906438e-01
-1.500000000000001332e-01 1.650259987074021717e-01
0.000000000000000000e+00 5.850678693766679650e-02
1.499999999999999112e-01 1.437388350044519272e-02
2.999999999999998224e-01 7.440111234935688211e-04
4.499999999999999556e-01 2.748629643974081355e-03
6.000000000000000888e-01 1.623647190490864339e-02
7.500000000000000000e-01 3.962530181605961044e-02
8.999999999999999112e-01 7.177528086936510454e-02
1.049999999999999822e+00 1.118450822585878024e-01
1.199999999999999734e+00 1.592773767985689315e-01
1.350000000000000089e+00 2.143183651892370811e-01
1.500000000000000000e+00 2.778017153677493356e-01
