-1.500000000000000000e+00 6.085578744366799686e-01
-1.399999999999999911e+00 4.109400310991560001e-01
-1.300000000000000044e+00 2.376551360980810046e-01
-1.199999999999999956e+00 1.006263324027960038e-01
-1.100000000000000089e+00 2.523923582879807059e-02
-1.000000000000000000e+00 -9.522212404465810187e-03
-9.000000000000000222e-01 -2.020144640102103026e-02
-8.000000000000000444e-01 -2.797317549072838097e-02
-6.999999999999999556e-01 -3.454045935176657672e-02
-5.999999999999999778e-01 -3.479077671358102308e-02
-5.000000000000000000e-01 -3.568506527913364174e-02
-4.000000000000000222e-01 -3.334635613909305019e-02
-2.999999999999999889e-01 -3.144063879513742804e-02
-2.000000000000000111e-01 -2.713523093028452973e-02
-1.000000000000000056e-01 -1.814193877248384060e-02
0.000000000000000000e+00 3.780207908796808639e-21
1.000000000000000056e-01 3.726994485143954317e-02
2.000000000000000111e-01 1.111202538903619946e-01
2.999999999999999889e-01 2.364182131011239862e-01
4.000000000000000222e-01 4.069162038061560072e-01
5.000000000000000000e-01 6.062530543182239606e-01
