-1.500000000000000000e+00 4.754256505813665989e-01
-1.399999999999999911e+00 3.246671065443841320e-01
-1.300000000000000044e+00 2.040774261646505772e-01
-1.199999999999999956e+00 1.094468886152924758e-01
-1.100000000000000089e+00 4.061627292938140010e-02
-1.000000000000000000e+00 -7.514795095850646759e-04
-9.000000000000000222e-01 -2.691753828155755979e-02
-8.000000000000000444e-01 -4.472760877460639495e-02
-6.999999999999999556e-01 -5.226729949642104633e-02
-5.999999999999999778e-01 -5.751972208991499441e-02
-5.000000000000000000e-01 -5.843509277985384220e-02
-4.000000000000000222e-01 -5.718198256982627570e-02
-2.999999999999999889e-01 -5.272684865591871495e-02
-2.000000000000000111e-01 -4.385542131673961924e-02
-1.000000000000000056e-01 -2.744833354821624508e-02
0.000000000000000000e+00 -1.089500528843209818e-05
1.000000000000000056e-01 4.441252503283002473e-02
2.000000000000000111e-01 1.106158512732192400e-01
2.999999999999999889e-01 2.032421860663201074e-01
4.000000000000000222e-01 3.256977272330198181e-01
5.000000000000000000e-01 4.747153152126764031e-01
